X, Y, Int U, U, Ux, Uy, Int V, V, Vx, Vy, Interation, ZNCC, 
18, 18, 0, 0, 0, 0, 0, 0, 0, 0, 5, 0.865118, 
28, 18, -1, -1, 0, 0, 0, 0, 0, 0, 5, 0.942677, 
38, 18, 0, 0, 0, 0, 0, 0, 0, 0, 5, 0.891668, 
48, 18, 0, 0, 0, 0, 1, 1, 0, 0, 5, 0.890995, 
58, 18, 0, 0, 0, 0, 2, 2, 0, 0, 5, 0.928797, 
68, 18, 0, 0, 0, 0, 1, 1, 0, 0, 5, 0.925713, 
78, 18, 0, 0, 0, 0, 2, 2, 0, 0, 5, 0.91322, 
88, 18, 0, 0, 0, 0, 2, 2, 0, 0, 5, 0.956767, 
98, 18, 0, 0, 0, 0, 1, 1, 0, 0, 5, 0.745942, 
108, 18, 0, 0, 0, 0, 0, 0, 0, 0, 5, 0.805262, 
118, 18, 0, 0, 0, 0, 0, 0, 0, 0, 5, 0.875297, 
128, 18, 0, 0, 0, 0, 0, 0, 0, 0, 5, 0.779549, 
138, 18, 0, 0, 0, 0, 1, 1, 0, 0, 5, 0.834503, 
148, 18, 0, 0, 0, 0, 1, 1, 0, 0, 5, 0.914881, 
158, 18, 0, 0, 0, 0, 1, 1, 0, 0, 5, 0.945646, 
168, 18, 0, 0, 0, 0, 1, 1, 0, 0, 5, 0.9315, 
178, 18, 0, 0, 0, 0, 1, 1, 0, 0, 5, 0.940528, 
188, 18, 0, 0, 0, 0, 0, 0, 0, 0, 5, 0.904269, 
198, 18, 0, 0, 0, 0, 1, 1, 0, 0, 5, 0.879503, 
208, 18, 0, 0, 0, 0, 2, 2, 0, 0, 5, 0.966557, 
218, 18, 0, 0, 0, 0, 0, 0, 0, 0, 5, 0.830789, 
228, 18, 0, 0, 0, 0, 0, 0, 0, 0, 5, 0.787319, 
18, 28, 0, 0, 0, 0, 1, 1, 0, 0, 5, 0.947891, 
28, 28, 0, 0, 0, 0, 2, 2, 0, 0, 5, 0.983855, 
38, 28, 0, 0, 0, 0, 2, 2, 0, 0, 5, 0.994059, 
48, 28, 0, 0, 0, 0, 1, 1, 0, 0, 5, 0.940017, 
58, 28, 0, 0, 0, 0, 1, 1, 0, 0, 5, 0.907821, 
68, 28, 0, 0, 0, 0, 2, 2, 0, 0, 5, 0.928583, 
78, 28, 0, 0, 0, 0, 2, 2, 0, 0, 5, 0.943985, 
88, 28, 0, 0, 0, 0, 2, 2, 0, 0, 5, 0.905954, 
98, 28, 0, 0, 0, 0, 1, 1, 0, 0, 5, 0.906202, 
108, 28, 0, 0, 0, 0, 1, 1, 0, 0, 5, 0.930194, 
118, 28, 0, 0, 0, 0, 2, 2, 0, 0, 5, 0.980265, 
128, 28, 0, 0, 0, 0, 0, 0, 0, 0, 5, 0.882592, 
138, 28, 0, 0, 0, 0, 1, 1, 0, 0, 5, 0.886805, 
148, 28, 0, 0, 0, 0, 2, 2, 0, 0, 5, 0.980607, 
158, 28, 0, 0, 0, 0, 1, 1, 0, 0, 5, 0.809642, 
168, 28, 0, 0, 0, 0, 1, 1, 0, 0, 5, 0.846931, 
178, 28, 0, 0, 0, 0, 1, 1, 0, 0, 5, 0.957639, 
188, 28, 0, 0, 0, 0, 2, 2, 0, 0, 5, 0.988282, 
198, 28, 0, 0, 0, 0, 1, 1, 0, 0, 5, 0.923349, 
208, 28, -1, -1, 0, 0, 0, 0, 0, 0, 5, 0.929146, 
218, 28, 0, 0, 0, 0, 2, 2, 0, 0, 5, 0.928267, 
228, 28, 0, 0, 0, 0, 1, 1, 0, 0, 5, 0.897415, 
18, 38, 0, 0, 0, 0, 1, 1, 0, 0, 5, 0.924166, 
28, 38, 0, 0, 0, 0, 0, 0, 0, 0, 5, 0.84478, 
38, 38, 0, 0, 0, 0, 0, 0, 0, 0, 5, 0.937344, 
48, 38, 0, 0, 0, 0, 0, 0, 0, 0, 5, 0.923135, 
58, 38, 0, 0, 0, 0, 1, 1, 0, 0, 5, 0.903516, 
68, 38, 0, 0, 0, 0, 1, 1, 0, 0, 5, 0.820675, 
78, 38, 0, 0, 0, 0, 2, 2, 0, 0, 5, 0.897749, 
88, 38, 0, 0, 0, 0, 1, 1, 0, 0, 5, 0.822372, 
98, 38, 0, 0, 0, 0, 0, 0, 0, 0, 5, 0.914102, 
108, 38, 0, 0, 0, 0, 1, 1, 0, 0, 5, 0.944124, 
118, 38, 0, 0, 0, 0, 1, 1, 0, 0, 5, 0.912352, 
128, 38, 0, 0, 0, 0, 2, 2, 0, 0, 5, 0.94232, 
138, 38, 0, 0, 0, 0, 2, 2, 0, 0, 5, 0.893816, 
148, 38, 0, 0, 0, 0, 1, 1, 0, 0, 5, 0.878049, 
158, 38, 0, 0, 0, 0, 2, 2, 0, 0, 5, 0.919078, 
168, 38, 0, 0, 0, 0, 2, 2, 0, 0, 5, 0.979024, 
178, 38, 0, 0, 0, 0, 2, 2, 0, 0, 5, 0.958587, 
188, 38, 0, 0, 0, 0, 2, 2, 0, 0, 5, 0.968542, 
198, 38, 0, 0, 0, 0, 2, 2, 0, 0, 5, 0.972895, 
208, 38, 0, 0, 0, 0, 1, 1, 0, 0, 5, 0.907553, 
218, 38, 0, 0, 0, 0, 1, 1, 0, 0, 5, 0.921674, 
228, 38, 0, 0, 0, 0, 1, 1, 0, 0, 5, 0.908942, 
18, 48, 0, 0, 0, 0, 1, 1, 0, 0, 5, 0.90332, 
28, 48, 0, 0, 0, 0, 1, 1, 0, 0, 5, 0.939174, 
38, 48, 0, 0, 0, 0, 1, 1, 0, 0, 5, 0.918498, 
48, 48, 0, 0, 0, 0, 1, 1, 0, 0, 5, 0.928101, 
58, 48, 0, 0, 0, 0, 2, 2, 0, 0, 5, 0.981307, 
68, 48, 0, 0, 0, 0, 2, 2, 0, 0, 5, 0.967977, 
78, 48, 0, 0, 0, 0, 2, 2, 0, 0, 5, 0.966151, 
88, 48, 0, 0, 0, 0, 2, 2, 0, 0, 5, 0.947689, 
98, 48, 0, 0, 0, 0, 1, 1, 0, 0, 5, 0.870086, 
108, 48, 0, 0, 0, 0, 1, 1, 0, 0, 5, 0.839378, 
118, 48, 0, 0, 0, 0, 1, 1, 0, 0, 5, 0.897109, 
128, 48, 0, 0, 0, 0, 0, 0, 0, 0, 5, 0.941673, 
138, 48, 0, 0, 0, 0, 1, 1, 0, 0, 5, 0.938024, 
148, 48, 0, 0, 0, 0, 2, 2, 0, 0, 5, 0.949062, 
158, 48, 0, 0, 0, 0, 2, 2, 0, 0, 5, 0.95335, 
168, 48, 0, 0, 0, 0, 1, 1, 0, 0, 5, 0.755197, 
178, 48, 0, 0, 0, 0, 1, 1, 0, 0, 5, 0.875346, 
188, 48, 0, 0, 0, 0, 0, 0, 0, 0, 5, 0.90418, 
198, 48, 0, 0, 0, 0, 0, 0, 0, 0, 5, 0.945799, 
208, 48, 0, 0, 0, 0, 2, 2, 0, 0, 5, 0.929727, 
218, 48, 0, 0, 0, 0, 0, 0, 0, 0, 5, 0.790003, 
228, 48, 0, 0, 0, 0, 1, 1, 0, 0, 5, 0.895693, 
18, 58, 0, 0, 0, 0, 1, 1, 0, 0, 5, 0.935107, 
28, 58, 0, 0, 0, 0, 2, 2, 0, 0, 5, 0.991336, 
38, 58, 0, 0, 0, 0, 2, 2, 0, 0, 5, 0.984268, 
48, 58, 0, 0, 0, 0, 1, 1, 0, 0, 5, 0.890789, 
58, 58, 0, 0, 0, 0, 1, 1, 0, 0, 5, 0.847565, 
68, 58, 0, 0, 0, 0, 1, 1, 0, 0, 5, 0.922733, 
78, 58, 0, 0, 0, 0, 1, 1, 0, 0, 5, 0.933323, 
88, 58, 0, 0, 0, 0, 1, 1, 0, 0, 5, 0.964565, 
98, 58, 0, 0, 0, 0, 2, 2, 0, 0, 5, 0.967122, 
108, 58, 0, 0, 0, 0, 2, 2, 0, 0, 5, 0.97319, 
118, 58, 0, 0, 0, 0, 2, 2, 0, 0, 5, 0.979237, 
128, 58, 0, 0, 0, 0, 0, 0, 0, 0, 5, 0.908319, 
138, 58, 0, 0, 0, 0, 0, 0, 0, 0, 5, 0.961354, 
148, 58, 0, 0, 0, 0, 0, 0, 0, 0, 5, 0.886302, 
158, 58, 0, 0, 0, 0, 0, 0, 0, 0, 5, 0.876273, 
168, 58, 0, 0, 0, 0, 1, 1, 0, 0, 5, 0.929107, 
178, 58, 0, 0, 0, 0, 1, 1, 0, 0, 5, 0.930801, 
188, 58, 0, 0, 0, 0, 1, 1, 0, 0, 5, 0.878623, 
198, 58, 0, 0, 0, 0, 0, 0, 0, 0, 5, 0.913086, 
208, 58, 0, 0, 0, 0, 2, 2, 0, 0, 5, 0.989868, 
218, 58, 0, 0, 0, 0, 2, 2, 0, 0, 5, 0.946838, 
228, 58, 0, 0, 0, 0, 1, 1, 0, 0, 5, 0.887812, 
18, 68, 0, 0, 0, 0, 0, 0, 0, 0, 5, 0.865633, 
28, 68, 0, 0, 0, 0, 1, 1, 0, 0, 5, 0.877302, 
38, 68, 0, 0, 0, 0, 1, 1, 0, 0, 5, 0.86324, 
48, 68, 0, 0, 0, 0, 1, 1, 0, 0, 5, 0.925579, 
58, 68, 0, 0, 0, 0, 1, 1, 0, 0, 5, 0.848214, 
68, 68, 0, 0, 0, 0, 0, 0, 0, 0, 5, 0.849201, 
78, 68, 0, 0, 0, 0, 1, 1, 0, 0, 5, 0.767104, 
88, 68, 0, 0, 0, 0, 1, 1, 0, 0, 5, 0.877951, 
98, 68, 0, 0, 0, 0, 0, 0, 0, 0, 5, 0.853456, 
108, 68, 0, 0, 0, 0, 0, 0, 0, 0, 5, 0.934635, 
118, 68, 0, 0, 0, 0, 1, 1, 0, 0, 5, 0.910021, 
128, 68, 0, 0, 0, 0, 2, 2, 0, 0, 5, 0.916206, 
138, 68, 0, 0, 0, 0, 2, 2, 0, 0, 5, 0.958322, 
148, 68, 0, 0, 0, 0, 1, 1, 0, 0, 5, 0.917823, 
158, 68, 0, 0, 0, 0, 2, 2, 0, 0, 5, 0.930257, 
168, 68, 0, 0, 0, 0, 1, 1, 0, 0, 5, 0.930042, 
178, 68, 0, 0, 0, 0, 1, 1, 0, 0, 5, 0.936868, 
188, 68, 0, 0, 0, 0, 1, 1, 0, 0, 5, 0.928648, 
198, 68, 0, 0, 0, 0, 1, 1, 0, 0, 5, 0.95721, 
208, 68, 0, 0, 0, 0, 1, 1, 0, 0, 5, 0.958762, 
218, 68, 0, 0, 0, 0, 1, 1, 0, 0, 5, 0.874031, 
228, 68, 0, 0, 0, 0, 2, 2, 0, 0, 5, 0.918602, 
18, 78, 0, 0, 0, 0, 1, 1, 0, 0, 5, 0.917797, 
28, 78, 0, 0, 0, 0, 2, 2, 0, 0, 5, 0.914004, 
38, 78, 0, 0, 0, 0, 1, 1, 0, 0, 5, 0.908063, 
48, 78, 0, 0, 0, 0, 1, 1, 0, 0, 5, 0.881165, 
58, 78, 0, 0, 0, 0, 2, 2, 0, 0, 5, 0.924695, 
68, 78, 0, 0, 0, 0, 2, 2, 0, 0, 5, 0.952621, 
78, 78, 0, 0, 0, 0, 2, 2, 0, 0, 5, 0.937812, 
88, 78, 0, 0, 0, 0, 0, 0, 0, 0, 5, 0.832315, 
98, 78, 0, 0, 0, 0, 0, 0, 0, 0, 5, 0.899892, 
108, 78, 0, 0, 0, 0, 1, 1, 0, 0, 5, 0.94699, 
118, 78, 0, 0, 0, 0, 2, 2, 0, 0, 5, 0.89403, 
128, 78, 0, 0, 0, 0, 2, 2, 0, 0, 5, 0.941768, 
138, 78, 0, 0, 0, 0, 2, 2, 0, 0, 5, 0.946518, 
148, 78, 0, 0, 0, 0, 0, 0, 0, 0, 5, 0.882868, 
158, 78, 0, 0, 0, 0, 1, 1, 0, 0, 5, 0.876787, 
168, 78, 0, 0, 0, 0, 0, 0, 0, 0, 5, 0.894337, 
178, 78, 0, 0, 0, 0, 0, 0, 0, 0, 5, 0.959953, 
188, 78, 0, 0, 0, 0, 0, 0, 0, 0, 5, 0.758052, 
198, 78, 0, 0, 0, 0, 1, 1, 0, 0, 5, 0.771711, 
208, 78, 0, 0, 0, 0, 1, 1, 0, 0, 5, 0.938348, 
218, 78, 0, 0, 0, 0, 1, 1, 0, 0, 5, 0.924964, 
228, 78, 0, 0, 0, 0, 1, 1, 0, 0, 5, 0.88146, 
18, 88, 0, 0, 0, 0, 0, 0, 0, 0, 5, 0.918756, 
28, 88, 0, 0, 0, 0, 1, 1, 0, 0, 5, 0.846521, 
38, 88, 0, 0, 0, 0, 1, 1, 0, 0, 5, 0.887435, 
48, 88, 0, 0, 0, 0, 1, 1, 0, 0, 5, 0.933362, 
58, 88, 0, 0, 0, 0, 1, 1, 0, 0, 5, 0.919588, 
68, 88, 0, 0, 0, 0, 1, 1, 0, 0, 5, 0.914571, 
78, 88, 0, 0, 0, 0, 1, 1, 0, 0, 5, 0.887391, 
88, 88, 0, 0, 0, 0, 1, 1, 0, 0, 5, 0.778888, 
98, 88, 0, 0, 0, 0, 2, 2, 0, 0, 5, 0.956645, 
108, 88, 0, 0, 0, 0, 2, 2, 0, 0, 5, 0.978698, 
118, 88, 0, 0, 0, 0, 1, 1, 0, 0, 5, 0.888654, 
128, 88, 0, 0, 0, 0, 0, 0, 0, 0, 5, 0.874204, 
138, 88, 0, 0, 0, 0, 0, 0, 0, 0, 5, 0.799725, 
148, 88, 0, 0, 0, 0, 0, 0, 0, 0, 5, 0.905447, 
158, 88, 0, 0, 0, 0, 0, 0, 0, 0, 5, 0.916146, 
168, 88, 0, 0, 0, 0, 0, 0, 0, 0, 5, 0.906921, 
178, 88, 0, 0, 0, 0, 0, 0, 0, 0, 5, 0.875501, 
188, 88, 0, 0, 0, 0, 0, 0, 0, 0, 5, 0.904526, 
198, 88, 0, 0, 0, 0, 1, 1, 0, 0, 5, 0.923863, 
208, 88, 0, 0, 0, 0, 2, 2, 0, 0, 5, 0.955904, 
218, 88, 0, 0, 0, 0, 2, 2, 0, 0, 5, 0.965453, 
228, 88, 0, 0, 0, 0, 2, 2, 0, 0, 5, 0.975365, 
18, 98, 0, 0, 0, 0, 1, 1, 0, 0, 5, 0.957856, 
28, 98, 0, 0, 0, 0, 0, 0, 0, 0, 5, 0.860738, 
38, 98, 0, 0, 0, 0, 0, 0, 0, 0, 5, 0.906342, 
48, 98, 0, 0, 0, 0, 0, 0, 0, 0, 5, 0.917674, 
58, 98, 0, 0, 0, 0, 2, 2, 0, 0, 5, 0.976167, 
68, 98, 0, 0, 0, 0, 2, 2, 0, 0, 5, 0.946927, 
78, 98, 0, 0, 0, 0, 1, 1, 0, 0, 5, 0.883237, 
88, 98, 0, 0, 0, 0, 1, 1, 0, 0, 5, 0.911754, 
98, 98, 0, 0, 0, 0, 1, 1, 0, 0, 5, 0.94901, 
108, 98, 0, 0, 0, 0, 1, 1, 0, 0, 5, 0.869399, 
118, 98, 0, 0, 0, 0, 2, 2, 0, 0, 5, 0.943307, 
128, 98, 0, 0, 0, 0, 2, 2, 0, 0, 5, 0.921769, 
138, 98, 0, 0, 0, 0, 2, 2, 0, 0, 5, 0.969787, 
148, 98, 0, 0, 0, 0, 2, 2, 0, 0, 5, 0.967736, 
158, 98, 0, 0, 0, 0, 1, 1, 0, 0, 5, 0.92036, 
168, 98, 0, 0, 0, 0, 1, 1, 0, 0, 5, 0.88301, 
178, 98, 0, 0, 0, 0, 0, 0, 0, 0, 5, 0.780405, 
188, 98, 0, 0, 0, 0, 0, 0, 0, 0, 5, 0.909892, 
198, 98, 0, 0, 0, 0, 0, 0, 0, 0, 5, 0.817003, 
208, 98, 0, 0, 0, 0, 0, 0, 0, 0, 5, 0.835631, 
218, 98, 0, 0, 0, 0, 0, 0, 0, 0, 5, 0.929962, 
228, 98, 0, 0, 0, 0, 0, 0, 0, 0, 5, 0.916445, 
18, 108, 0, 0, 0, 0, 0, 0, 0, 0, 5, 0.841048, 
28, 108, 1, 1, 0, 0, 0, 0, 0, 0, 5, 0.915194, 
38, 108, 0, 0, 0, 0, 0, 0, 0, 0, 5, 0.855825, 
48, 108, 0, 0, 0, 0, 2, 2, 0, 0, 5, 0.949104, 
58, 108, 0, 0, 0, 0, 1, 1, 0, 0, 5, 0.871525, 
68, 108, 0, 0, 0, 0, 0, 0, 0, 0, 5, 0.84306, 
78, 108, 0, 0, 0, 0, 0, 0, 0, 0, 5, 0.931072, 
88, 108, 0, 0, 0, 0, 0, 0, 0, 0, 5, 0.945238, 
98, 108, 0, 0, 0, 0, 1, 1, 0, 0, 5, 0.915051, 
108, 108, 0, 0, 0, 0, 2, 2, 0, 0, 5, 0.958291, 
118, 108, 0, 0, 0, 0, 1, 1, 0, 0, 5, 0.92947, 
128, 108, 0, 0, 0, 0, 1, 1, 0, 0, 5, 0.867877, 
138, 108, 0, 0, 0, 0, 0, 0, 0, 0, 5, 0.806363, 
148, 108, 0, 0, 0, 0, 1, 1, 0, 0, 5, 0.850543, 
158, 108, 0, 0, 0, 0, 1, 1, 0, 0, 5, 0.914014, 
168, 108, 0, 0, 0, 0, 1, 1, 0, 0, 5, 0.862919, 
178, 108, 0, 0, 0, 0, 2, 2, 0, 0, 5, 0.981681, 
188, 108, 0, 0, 0, 0, 2, 2, 0, 0, 5, 0.995991, 
198, 108, 0, 0, 0, 0, 1, 1, 0, 0, 5, 0.83272, 
208, 108, 0, 0, 0, 0, 0, 0, 0, 0, 5, 0.872943, 
218, 108, 0, 0, 0, 0, 0, 0, 0, 0, 5, 0.922735, 
228, 108, 0, 0, 0, 0, 0, 0, 0, 0, 5, 0.930421, 
18, 118, 0, 0, 0, 0, 2, 2, 0, 0, 5, 0.970199, 
28, 118, 0, 0, 0, 0, 2, 2, 0, 0, 5, 0.913454, 
38, 118, 0, 0, 0, 0, 1, 1, 0, 0, 5, 0.949329, 
48, 118, 0, 0, 0, 0, 1, 1, 0, 0, 5, 0.909379, 
58, 118, 0, 0, 0, 0, 1, 1, 0, 0, 5, 0.911716, 
68, 118, 0, 0, 0, 0, 1, 1, 0, 0, 5, 0.841044, 
78, 118, 0, 0, 0, 0, 0, 0, 0, 0, 5, 0.778334, 
88, 118, 0, 0, 0, 0, 0, 0, 0, 0, 5, 0.819102, 
98, 118, 0, 0, 0, 0, 2, 2, 0, 0, 5, 0.956786, 
108, 118, 0, 0, 0, 0, 2, 2, 0, 0, 5, 0.877254, 
118, 118, 0, 0, 0, 0, 2, 2, 0, 0, 5, 0.876825, 
128, 118, 0, 0, 0, 0, 2, 2, 0, 0, 5, 0.974518, 
138, 118, 0, 0, 0, 0, 2, 2, 0, 0, 5, 0.928739, 
148, 118, 0, 0, 0, 0, 1, 1, 0, 0, 5, 0.941458, 
158, 118, 0, 0, 0, 0, 1, 1, 0, 0, 5, 0.917233, 
168, 118, 0, 0, 0, 0, 1, 1, 0, 0, 5, 0.899295, 
178, 118, 0, 0, 0, 0, 0, 0, 0, 0, 5, 0.894512, 
188, 118, 0, 0, 0, 0, 1, 1, 0, 0, 5, 0.898369, 
198, 118, 0, 0, 0, 0, 2, 2, 0, 0, 5, 0.935538, 
208, 118, 0, 0, 0, 0, 1, 1, 0, 0, 5, 0.813505, 
218, 118, 0, 0, 0, 0, 0, 0, 0, 0, 5, 0.859456, 
228, 118, 0, 0, 0, 0, 1, 1, 0, 0, 5, 0.904679, 
18, 128, 0, 0, 0, 0, 1, 1, 0, 0, 5, 0.936877, 
28, 128, 0, 0, 0, 0, 0, 0, 0, 0, 5, 0.892511, 
38, 128, 0, 0, 0, 0, 0, 0, 0, 0, 5, 0.913505, 
48, 128, 1, 1, 0, 0, 0, 0, 0, 0, 5, 0.899357, 
58, 128, 0, 0, 0, 0, 0, 0, 0, 0, 5, 0.898926, 
68, 128, 0, 0, 0, 0, 0, 0, 0, 0, 5, 0.801535, 
78, 128, 0, 0, 0, 0, 2, 2, 0, 0, 5, 0.900315, 
88, 128, 0, 0, 0, 0, 1, 1, 0, 0, 5, 0.902673, 
98, 128, 0, 0, 0, 0, 1, 1, 0, 0, 5, 0.939024, 
108, 128, 0, 0, 0, 0, 2, 2, 0, 0, 5, 0.953325, 
118, 128, 0, 0, 0, 0, 2, 2, 0, 0, 5, 0.95197, 
128, 128, 0, 0, 0, 0, 1, 1, 0, 0, 5, 0.876667, 
138, 128, 0, 0, 0, 0, 1, 1, 0, 0, 5, 0.889677, 
148, 128, 0, 0, 0, 0, 1, 1, 0, 0, 5, 0.946971, 
158, 128, 0, 0, 0, 0, 2, 2, 0, 0, 5, 0.960899, 
168, 128, 0, 0, 0, 0, 1, 1, 0, 0, 5, 0.911524, 
178, 128, 0, 0, 0, 0, 1, 1, 0, 0, 5, 0.888491, 
188, 128, 0, 0, 0, 0, 1, 1, 0, 0, 5, 0.882093, 
198, 128, 0, 0, 0, 0, 2, 2, 0, 0, 5, 0.881608, 
208, 128, 0, 0, 0, 0, 2, 2, 0, 0, 5, 0.976837, 
218, 128, 0, 0, 0, 0, 2, 2, 0, 0, 5, 0.981682, 
228, 128, 0, 0, 0, 0, 0, 0, 0, 0, 5, 0.81529, 
18, 138, 0, 0, 0, 0, 1, 1, 0, 0, 5, 0.825556, 
28, 138, 0, 0, 0, 0, 1, 1, 0, 0, 5, 0.81876, 
38, 138, 0, 0, 0, 0, 0, 0, 0, 0, 5, 0.893605, 
48, 138, 1, 1, 0, 0, 0, 0, 0, 0, 5, 0.92538, 
58, 138, 0, 0, 0, 0, 2, 2, 0, 0, 5, 0.989795, 
68, 138, 0, 0, 0, 0, 2, 2, 0, 0, 5, 0.997636, 
78, 138, 0, 0, 0, 0, 0, 0, 0, 0, 5, 0.737494, 
88, 138, 0, 0, 0, 0, 1, 1, 0, 0, 5, 0.77998, 
98, 138, 0, 0, 0, 0, 1, 1, 0, 0, 5, 0.864786, 
108, 138, 0, 0, 0, 0, 1, 1, 0, 0, 5, 0.900432, 
118, 138, 0, 0, 0, 0, 1, 1, 0, 0, 5, 0.900806, 
128, 138, 0, 0, 0, 0, 1, 1, 0, 0, 5, 0.831636, 
138, 138, 0, 0, 0, 0, 1, 1, 0, 0, 5, 0.8054, 
148, 138, 0, 0, 0, 0, 1, 1, 0, 0, 5, 0.825895, 
158, 138, 0, 0, 0, 0, 1, 1, 0, 0, 5, 0.880704, 
168, 138, 0, 0, 0, 0, 2, 2, 0, 0, 5, 0.985486, 
178, 138, 0, 0, 0, 0, 2, 2, 0, 0, 5, 0.966041, 
188, 138, 0, 0, 0, 0, 1, 1, 0, 0, 5, 0.862038, 
198, 138, 0, 0, 0, 0, 0, 0, 0, 0, 5, 0.834604, 
208, 138, 0, 0, 0, 0, 0, 0, 0, 0, 5, 0.926065, 
218, 138, 0, 0, 0, 0, 1, 1, 0, 0, 5, 0.966735, 
228, 138, 0, 0, 0, 0, 0, 0, 0, 0, 5, 0.93947, 
18, 148, 0, 0, 0, 0, 1, 1, 0, 0, 5, 0.884926, 
28, 148, 0, 0, 0, 0, 0, 0, 0, 0, 5, 0.919543, 
38, 148, 0, 0, 0, 0, 1, 1, 0, 0, 5, 0.860064, 
48, 148, 0, 0, 0, 0, 1, 1, 0, 0, 5, 0.904996, 
58, 148, 0, 0, 0, 0, 1, 1, 0, 0, 5, 0.738223, 
68, 148, 0, 0, 0, 0, 0, 0, 0, 0, 5, 0.837382, 
78, 148, 0, 0, 0, 0, 2, 2, 0, 0, 5, 0.923306, 
88, 148, 0, 0, 0, 0, 1, 1, 0, 0, 5, 0.875864, 
98, 148, 0, 0, 0, 0, 1, 1, 0, 0, 5, 0.881307, 
108, 148, 0, 0, 0, 0, 0, 0, 0, 0, 5, 0.772696, 
118, 148, 0, 0, 0, 0, 0, 0, 0, 0, 5, 0.923518, 
128, 148, 0, 0, 0, 0, 1, 1, 0, 0, 5, 0.928187, 
138, 148, 0, 0, 0, 0, 1, 1, 0, 0, 5, 0.803538, 
148, 148, 0, 0, 0, 0, 2, 2, 0, 0, 5, 0.950712, 
158, 148, 0, 0, 0, 0, 1, 1, 0, 0, 5, 0.870086, 
168, 148, 0, 0, 0, 0, 1, 1, 0, 0, 5, 0.79808, 
178, 148, 0, 0, 0, 0, 1, 1, 0, 0, 5, 0.829107, 
188, 148, 0, 0, 0, 0, 1, 1, 0, 0, 5, 0.905593, 
198, 148, 0, 0, 0, 0, 1, 1, 0, 0, 5, 0.94795, 
208, 148, 0, 0, 0, 0, 0, 0, 0, 0, 5, 0.91573, 
218, 148, 0, 0, 0, 0, 0, 0, 0, 0, 5, 0.898296, 
228, 148, 0, 0, 0, 0, 0, 0, 0, 0, 5, 0.919623, 
18, 158, 0, 0, 0, 0, 0, 0, 0, 0, 5, 0.940952, 
28, 158, 0, 0, 0, 0, 0, 0, 0, 0, 5, 0.878908, 
38, 158, 0, 0, 0, 0, 1, 1, 0, 0, 5, 0.896836, 
48, 158, 0, 0, 0, 0, 0, 0, 0, 0, 5, 0.868207, 
58, 158, 0, 0, 0, 0, 0, 0, 0, 0, 5, 0.938132, 
68, 158, 0, 0, 0, 0, 0, 0, 0, 0, 5, 0.84464, 
78, 158, 0, 0, 0, 0, 1, 1, 0, 0, 5, 0.912893, 
88, 158, 0, 0, 0, 0, 1, 1, 0, 0, 5, 0.836138, 
98, 158, 1, 1, 0, 0, 0, 0, 0, 0, 5, 0.950225, 
108, 158, 0, 0, 0, 0, 0, 0, 0, 0, 5, 0.899478, 
118, 158, 0, 0, 0, 0, 1, 1, 0, 0, 5, 0.967785, 
128, 158, 0, 0, 0, 0, 2, 2, 0, 0, 5, 0.954945, 
138, 158, 0, 0, 0, 0, 2, 2, 0, 0, 5, 0.923415, 
148, 158, 0, 0, 0, 0, 2, 2, 0, 0, 5, 0.93864, 
158, 158, 0, 0, 0, 0, 1, 1, 0, 0, 5, 0.918154, 
168, 158, 0, 0, 0, 0, 1, 1, 0, 0, 5, 0.911798, 
178, 158, 0, 0, 0, 0, 2, 2, 0, 0, 5, 0.943225, 
188, 158, 0, 0, 0, 0, 0, 0, 0, 0, 5, 0.879656, 
198, 158, -1, -1, 0, 0, 0, 0, 0, 0, 5, 0.857727, 
208, 158, 0, 0, 0, 0, 1, 1, 0, 0, 5, 0.812646, 
218, 158, 0, 0, 0, 0, 0, 0, 0, 0, 5, 0.956928, 
228, 158, 0, 0, 0, 0, 0, 0, 0, 0, 5, 0.953863, 
18, 168, 0, 0, 0, 0, 1, 1, 0, 0, 5, 0.902857, 
28, 168, 0, 0, 0, 0, 2, 2, 0, 0, 5, 0.972515, 
38, 168, 0, 0, 0, 0, 2, 2, 0, 0, 5, 0.94262, 
48, 168, 0, 0, 0, 0, 1, 1, 0, 0, 5, 0.859015, 
58, 168, 0, 0, 0, 0, 0, 0, 0, 0, 5, 0.92125, 
68, 168, 0, 0, 0, 0, 1, 1, 0, 0, 5, 0.824412, 
78, 168, 0, 0, 0, 0, 2, 2, 0, 0, 5, 0.959397, 
88, 168, 0, 0, 0, 0, 2, 2, 0, 0, 5, 0.946284, 
98, 168, 0, 0, 0, 0, 1, 1, 0, 0, 5, 0.916631, 
108, 168, 0, 0, 0, 0, 1, 1, 0, 0, 5, 0.881684, 
118, 168, 0, 0, 0, 0, 1, 1, 0, 0, 5, 0.921079, 
128, 168, 0, 0, 0, 0, 0, 0, 0, 0, 5, 0.877694, 
138, 168, 0, 0, 0, 0, 1, 1, 0, 0, 5, 0.872891, 
148, 168, 0, 0, 0, 0, 0, 0, 0, 0, 5, 0.926386, 
158, 168, 0, 0, 0, 0, 0, 0, 0, 0, 5, 0.947932, 
168, 168, 0, 0, 0, 0, 1, 1, 0, 0, 5, 0.929027, 
178, 168, 0, 0, 0, 0, 2, 2, 0, 0, 5, 0.967255, 
188, 168, 0, 0, 0, 0, 2, 2, 0, 0, 5, 0.940045, 
198, 168, 0, 0, 0, 0, 2, 2, 0, 0, 5, 0.913844, 
208, 168, 0, 0, 0, 0, 0, 0, 0, 0, 5, 0.876765, 
218, 168, 0, 0, 0, 0, 0, 0, 0, 0, 5, 0.891116, 
228, 168, 0, 0, 0, 0, 1, 1, 0, 0, 5, 0.840334, 
18, 178, 0, 0, 0, 0, 2, 2, 0, 0, 5, 0.942865, 
28, 178, 0, 0, 0, 0, 0, 0, 0, 0, 5, 0.900712, 
38, 178, 0, 0, 0, 0, 1, 1, 0, 0, 5, 0.904493, 
48, 178, 0, 0, 0, 0, 1, 1, 0, 0, 5, 0.89863, 
58, 178, 0, 0, 0, 0, 0, 0, 0, 0, 5, 0.905317, 
68, 178, 0, 0, 0, 0, 1, 1, 0, 0, 5, 0.819478, 
78, 178, 0, 0, 0, 0, 1, 1, 0, 0, 5, 0.938113, 
88, 178, 0, 0, 0, 0, 0, 0, 0, 0, 5, 0.906105, 
98, 178, 0, 0, 0, 0, 0, 0, 0, 0, 5, 0.92867, 
108, 178, 0, 0, 0, 0, 1, 1, 0, 0, 5, 0.916002, 
118, 178, 0, 0, 0, 0, 1, 1, 0, 0, 5, 0.949049, 
128, 178, 0, 0, 0, 0, 0, 0, 0, 0, 5, 0.887564, 
138, 178, 0, 0, 0, 0, 0, 0, 0, 0, 5, 0.947006, 
148, 178, 0, 0, 0, 0, 1, 1, 0, 0, 5, 0.931519, 
158, 178, 0, 0, 0, 0, 1, 1, 0, 0, 5, 0.933688, 
168, 178, 0, 0, 0, 0, 1, 1, 0, 0, 5, 0.92573, 
178, 178, 0, 0, 0, 0, 2, 2, 0, 0, 5, 0.871188, 
188, 178, 0, 0, 0, 0, 2, 2, 0, 0, 5, 0.908648, 
198, 178, 0, 0, 0, 0, 1, 1, 0, 0, 5, 0.869728, 
208, 178, 0, 0, 0, 0, 0, 0, 0, 0, 5, 0.926267, 
218, 178, 0, 0, 0, 0, 1, 1, 0, 0, 5, 0.783212, 
228, 178, 0, 0, 0, 0, 1, 1, 0, 0, 5, 0.751816, 
18, 188, 0, 0, 0, 0, 2, 2, 0, 0, 5, 0.885661, 
28, 188, 0, 0, 0, 0, 1, 1, 0, 0, 5, 0.880763, 
38, 188, 0, 0, 0, 0, 0, 0, 0, 0, 5, 0.833568, 
48, 188, 0, 0, 0, 0, 1, 1, 0, 0, 5, 0.853907, 
58, 188, 0, 0, 0, 0, 1, 1, 0, 0, 5, 0.887781, 
68, 188, 0, 0, 0, 0, 1, 1, 0, 0, 5, 0.836781, 
78, 188, 0, 0, 0, 0, 1, 1, 0, 0, 5, 0.942578, 
88, 188, 0, 0, 0, 0, 1, 1, 0, 0, 5, 0.929783, 
98, 188, 0, 0, 0, 0, 1, 1, 0, 0, 5, 0.899064, 
108, 188, 0, 0, 0, 0, 1, 1, 0, 0, 5, 0.889821, 
118, 188, -1, -1, 0, 0, 0, 0, 0, 0, 5, 0.781682, 
128, 188, 0, 0, 0, 0, 1, 1, 0, 0, 5, 0.832655, 
138, 188, 0, 0, 0, 0, 1, 1, 0, 0, 5, 0.924599, 
148, 188, 0, 0, 0, 0, 0, 0, 0, 0, 5, 0.912689, 
158, 188, 0, 0, 0, 0, 1, 1, 0, 0, 5, 0.828402, 
168, 188, 0, 0, 0, 0, 1, 1, 0, 0, 5, 0.879858, 
178, 188, 0, 0, 0, 0, 2, 2, 0, 0, 5, 0.985887, 
188, 188, 0, 0, 0, 0, 2, 2, 0, 0, 5, 0.953675, 
198, 188, 0, 0, 0, 0, 2, 2, 0, 0, 5, 0.955553, 
208, 188, 0, 0, 0, 0, 1, 1, 0, 0, 5, 0.873434, 
218, 188, 0, 0, 0, 0, 1, 1, 0, 0, 5, 0.857062, 
228, 188, 0, 0, 0, 0, 2, 2, 0, 0, 5, 0.907812, 
18, 198, 0, 0, 0, 0, 1, 1, 0, 0, 5, 0.903989, 
28, 198, 0, 0, 0, 0, 1, 1, 0, 0, 5, 0.917361, 
38, 198, 0, 0, 0, 0, 1, 1, 0, 0, 5, 0.889315, 
48, 198, 0, 0, 0, 0, 2, 2, 0, 0, 5, 0.909968, 
58, 198, 0, 0, 0, 0, 2, 2, 0, 0, 5, 0.973479, 
68, 198, 0, 0, 0, 0, 1, 1, 0, 0, 5, 0.914689, 
78, 198, 0, 0, 0, 0, 0, 0, 0, 0, 5, 0.869793, 
88, 198, 0, 0, 0, 0, 0, 0, 0, 0, 5, 0.807319, 
98, 198, 0, 0, 0, 0, 0, 0, 0, 0, 5, 0.849901, 
108, 198, 0, 0, 0, 0, 2, 2, 0, 0, 5, 0.927559, 
118, 198, 0, 0, 0, 0, 2, 2, 0, 0, 5, 0.971314, 
128, 198, 0, 0, 0, 0, 2, 2, 0, 0, 5, 0.961152, 
138, 198, 0, 0, 0, 0, 2, 2, 0, 0, 5, 0.915682, 
148, 198, 0, 0, 0, 0, 2, 2, 0, 0, 5, 0.901743, 
158, 198, 0, 0, 0, 0, 2, 2, 0, 0, 5, 0.89954, 
168, 198, 0, 0, 0, 0, 2, 2, 0, 0, 5, 0.962236, 
178, 198, 0, 0, 0, 0, 0, 0, 0, 0, 5, 0.874491, 
188, 198, 0, 0, 0, 0, 0, 0, 0, 0, 5, 0.771128, 
198, 198, 0, 0, 0, 0, 2, 2, 0, 0, 5, 0.959155, 
208, 198, 0, 0, 0, 0, 2, 2, 0, 0, 5, 0.977048, 
218, 198, 0, 0, 0, 0, 2, 2, 0, 0, 5, 0.972446, 
228, 198, 0, 0, 0, 0, 2, 2, 0, 0, 5, 0.936217, 
18, 208, 0, 0, 0, 0, 0, 0, 0, 0, 5, 0.873181, 
28, 208, 0, 0, 0, 0, 1, 1, 0, 0, 5, 0.903633, 
38, 208, 0, 0, 0, 0, 2, 2, 0, 0, 5, 0.883962, 
48, 208, 0, 0, 0, 0, 0, 0, 0, 0, 5, 0.854215, 
58, 208, 0, 0, 0, 0, 0, 0, 0, 0, 5, 0.940451, 
68, 208, 0, 0, 0, 0, 1, 1, 0, 0, 5, 0.872632, 
78, 208, 0, 0, 0, 0, 2, 2, 0, 0, 5, 0.988363, 
88, 208, 0, 0, 0, 0, 2, 2, 0, 0, 5, 0.964974, 
98, 208, 0, 0, 0, 0, 2, 2, 0, 0, 5, 0.92838, 
108, 208, 0, 0, 0, 0, 2, 2, 0, 0, 5, 0.928021, 
118, 208, 0, 0, 0, 0, 1, 1, 0, 0, 5, 0.898614, 
128, 208, 0, 0, 0, 0, 1, 1, 0, 0, 5, 0.890696, 
138, 208, 0, 0, 0, 0, 2, 2, 0, 0, 5, 0.974474, 
148, 208, 0, 0, 0, 0, 2, 2, 0, 0, 5, 0.957592, 
158, 208, 0, 0, 0, 0, 2, 2, 0, 0, 5, 0.940809, 
168, 208, 0, 0, 0, 0, 1, 1, 0, 0, 5, 0.864109, 
178, 208, 0, 0, 0, 0, 0, 0, 0, 0, 5, 0.902997, 
188, 208, 0, 0, 0, 0, 0, 0, 0, 0, 5, 0.928893, 
198, 208, 0, 0, 0, 0, 1, 1, 0, 0, 5, 0.905073, 
208, 208, 0, 0, 0, 0, 2, 2, 0, 0, 5, 0.984075, 
218, 208, 0, 0, 0, 0, 1, 1, 0, 0, 5, 0.897922, 
228, 208, 0, 0, 0, 0, 0, 0, 0, 0, 5, 0.909026, 
18, 218, 0, 0, 0, 0, 1, 1, 0, 0, 5, 0.938429, 
28, 218, 0, 0, 0, 0, 1, 1, 0, 0, 5, 0.839768, 
38, 218, 0, 0, 0, 0, 2, 2, 0, 0, 5, 0.934365, 
48, 218, 0, 0, 0, 0, 2, 2, 0, 0, 5, 0.973123, 
58, 218, 0, 0, 0, 0, 0, 0, 0, 0, 5, 0.930526, 
68, 218, 0, 0, 0, 0, 1, 1, 0, 0, 5, 0.906947, 
78, 218, 0, 0, 0, 0, 1, 1, 0, 0, 5, 0.924413, 
88, 218, 0, 0, 0, 0, 2, 2, 0, 0, 5, 0.972181, 
98, 218, 0, 0, 0, 0, 1, 1, 0, 0, 5, 0.888091, 
108, 218, 0, 0, 0, 0, 1, 1, 0, 0, 5, 0.841574, 
118, 218, 0, 0, 0, 0, 2, 2, 0, 0, 5, 0.978293, 
128, 218, 0, 0, 0, 0, 1, 1, 0, 0, 5, 0.731273, 
138, 218, -1, -1, 0, 0, 0, 0, 0, 0, 5, 0.866989, 
148, 218, 0, 0, 0, 0, 0, 0, 0, 0, 5, 0.922167, 
158, 218, 0, 0, 0, 0, 0, 0, 0, 0, 5, 0.84067, 
168, 218, 0, 0, 0, 0, 2, 2, 0, 0, 5, 0.907837, 
178, 218, 0, 0, 0, 0, 1, 1, 0, 0, 5, 0.895836, 
188, 218, 0, 0, 0, 0, 1, 1, 0, 0, 5, 0.904009, 
198, 218, 0, 0, 0, 0, 2, 2, 0, 0, 5, 0.923923, 
208, 218, 0, 0, 0, 0, 2, 2, 0, 0, 5, 0.900218, 
218, 218, 0, 0, 0, 0, 2, 2, 0, 0, 5, 0.912904, 
228, 218, 0, 0, 0, 0, 0, 0, 0, 0, 5, 0.795152, 
18, 228, 0, 0, 0, 0, 0, 0, 0, 0, 5, 0.940898, 
28, 228, 0, 0, 0, 0, 1, 1, 0, 0, 5, 0.922994, 
38, 228, 0, 0, 0, 0, 0, 0, 0, 0, 5, 0.917612, 
48, 228, 0, 0, 0, 0, 0, 0, 0, 0, 5, 0.882756, 
58, 228, 0, 0, 0, 0, 0, 0, 0, 0, 5, 0.909916, 
68, 228, 0, 0, 0, 0, 1, 1, 0, 0, 5, 0.961233, 
78, 228, 0, 0, 0, 0, 0, 0, 0, 0, 5, 0.900526, 
88, 228, 0, 0, 0, 0, 1, 1, 0, 0, 5, 0.881002, 
98, 228, 0, 0, 0, 0, 1, 1, 0, 0, 5, 0.94206, 
108, 228, 0, 0, 0, 0, 1, 1, 0, 0, 5, 0.917392, 
118, 228, 0, 0, 0, 0, 1, 1, 0, 0, 5, 0.889153, 
128, 228, 0, 0, 0, 0, 1, 1, 0, 0, 5, 0.75871, 
138, 228, 0, 0, 0, 0, 1, 1, 0, 0, 5, 0.851112, 
148, 228, 0, 0, 0, 0, 1, 1, 0, 0, 5, 0.80872, 
158, 228, 0, 0, 0, 0, 2, 2, 0, 0, 5, 0.981108, 
168, 228, 0, 0, 0, 0, 1, 1, 0, 0, 5, 0.869457, 
178, 228, 0, 0, 0, 0, 0, 0, 0, 0, 5, 0.935802, 
188, 228, 0, 0, 0, 0, 0, 0, 0, 0, 5, 0.917199, 
198, 228, 0, 0, 0, 0, 2, 2, 0, 0, 5, 0.97672, 
208, 228, 0, 0, 0, 0, 2, 2, 0, 0, 5, 0.983447, 
218, 228, 0, 0, 0, 0, 1, 1, 0, 0, 5, 0.964657, 
228, 228, 0, 0, 0, 0, 0, 0, 0, 0, 5, 0.861203, 
