26, 26, 0, 8.2895e-008, -1, -5.83447e-015, 1.52236, 2, -3.14284e-015, -1, 0.964074
36, 26, 0, 1.0472e-005, -1, -1.01793e-013, -6.02522, 2, 5.25193e-013, -1, 0.967516
46, 26, 0, 1.2572e-005, -1, -1.92964e-011, -2.27563, 2, 1.10169e-010, -0.998863, 0.961658
56, 26, 0, 3.92406e-006, -1, -6.71573e-011, -42.7139, 1, -1.32165e-010, -0.999409, 0.937024
66, 26, 0, 4.74994e-007, -1, -3.16572e-009, 3.97382, 1, 1.69012e-010, -1.00738, 0.916883
76, 26, 0, -3.51301e-005, -1, 6.75101e-007, 90.7733, 2, -5.27651e-007, -2.62824, 0.934223
86, 26, 0, -1.17053e-008, -1, 1.25749e-015, 4.4181, 2, 3.23101e-016, -1, 0.97393
96, 26, 0, 1.16198e-005, -1, -2.47812e-006, -25.6045, 2, -1.50796e-005, 16.9229, 0.980618
106, 26, 0, -1.1844e-007, -1, 9.44374e-015, 1.32401, 2, -2.1763e-014, -1, 0.978021
116, 26, 0, -9.03316e-008, -1, 4.37534e-018, -1.0908, 2, 2.04679e-024, -1, 0.958915
126, 26, 0, -2.89407e-007, -1, 7.56937e-011, -2.61306, 2, 1.9886e-010, -0.998428, 0.921598
136, 26, 0, -1.68349e-007, -1, -3.91018e-012, 1.03981, 2, -5.34585e-011, -1.00075, 0.930454
146, 26, 0, -1.28475e-005, -1, -4.26625e-008, 18.5449, 2, 3.36899e-009, -0.835231, 0.955306
156, 26, 0, 1.42059e-005, -1, 9.17125e-013, -0.918488, 2, -1.18584e-013, -1, 0.973024
166, 26, 0, 7.77841e-006, -1, 6.51143e-008, 30.9438, 2, -2.73644e-007, -1.34929, 0.975422
176, 26, 0, -7.25408e-005, -1, -4.38722e-006, 27.8645, 2, 6.93788e-007, -0.444213, 0.953727
186, 26, 0, 3.57745e-005, -1, -2.12516e-006, 178.689, 1, 1.48103e-006, -14.4731, 0.952644
196, 26, 0, 3.03341e-006, -1, 2.67556e-010, 152.399, 1, 3.07932e-009, -0.979262, 0.947363
206, 26, 0, 2.02557e-005, -1, -4.38096e-007, 8.46101, 2, -1.44124e-007, -1.60769, 0.966437
216, 26, 0, 1.972e-008, -1, 8.14562e-011, -0.341212, 1, -2.03497e-009, -1.00323, 0.928829
226, 26, 0, 1.15959e-006, -1, 8.53743e-009, -1.76831, 1, -2.74082e-009, -0.930978, 0.91024
26, 36, 0, 7.56091e-006, -1, -6.82163e-018, -17.934, 2, 1.10694e-024, -1, 0.956167
36, 36, 0, 2.37505e-007, -1, -3.62683e-013, -2.49199, 2, -1.25204e-014, -1, 0.945318
46, 36, 0, -0.00011322, -1, -7.38586e-007, -451.957, 1, -9.96629e-008, -3.93373, 0.946956
56, 36, 0, 0.00266987, -1, 2.88164e-005, -59949.4, 1, 0.000482426, -647.879, 0.932234
66, 36, 0, 1.05223e-007, -1, 7.48913e-012, 1.91022, 2, -5.34276e-010, -0.997991, 0.947143
76, 36, 0, 1.11753e-007, -1, -1.98653e-010, -2.65029, 2, -4.39521e-009, -1.0264, 0.931363
86, 36, 0, -7.50219e-006, -1, -2.87706e-011, -0.13958, 2, -6.26629e-011, -1.00005, 0.970531
96, 36, 0, 5.85242e-006, -1, 1.2341e-010, -6.71444, 2, -4.18853e-011, -0.999027, 0.970627
106, 36, 0, -7.52451e-008, -1, 2.92335e-018, -1.87257, 2, 7.85612e-017, -1, 0.974698
116, 36, 0, -7.49583e-007, -1, 1.4799e-008, -7.03149, 2, 3.56032e-009, -0.825397, 0.952977
126, 36, 0, 1.17777e-007, -1, 7.77851e-015, 1.43859, 1, -5.00644e-015, -1.00001, 0.908431
136, 36, 0, 2.45576e-005, -1, -1.00951e-007, 264.708, 1, 1.21733e-009, -2.08525, 0.911396
146, 36, 0, 3.38719e-006, -1, -2.06348e-008, 29.7773, 1, 3.1099e-008, -1.1417, 0.900483
156, 36, 0, 2.15293e-005, -1, 2.82554e-007, -1198.21, 2, -2.37951e-007, -16.6567, 0.968939
166, 36, 0, -8.37013e-008, -1, -1.23543e-009, 23.9674, 2, 2.97414e-008, -0.815907, 0.940933
176, 36, 0, 1.26296e-007, -1, 4.88085e-012, -13.8498, 1, 6.88652e-010, -0.988046, 0.943651
186, 36, 0, -1.12651e-005, -1, -1.02927e-012, 331.464, 1, -8.42284e-012, -0.999973, 0.945521
196, 36, 0, -2.39659e-007, -1, -1.71427e-009, 9.18402, 1, 7.73415e-009, -0.86447, 0.942346
206, 36, 0, -2.37977e-007, -1, 8.92964e-009, -1.77513, 1, -9.50787e-010, -0.945807, 0.91431
216, 36, 0, 3.2798e-006, -1, -1.17471e-010, -7.06055, 1, 6.56626e-011, -1.00018, 0.89345
226, 36, 0, 9.37095e-006, -1, -4.26442e-008, 35.8453, 2, 1.94664e-009, -1.15917, 0.963684
26, 46, 0, -8.42999e-006, -1, 4.26571e-011, 28.5942, 0, 2.23414e-011, -1.00011, 0.850917
36, 46, 0, -5.87054e-008, -1, -2.65255e-012, -7.65449, 0, -2.54341e-011, -0.999972, 0.882645
46, 46, 0, 3.67365e-006, -1, -2.91978e-010, 10.6201, 0, -1.72631e-010, -1.00125, 0.8818
56, 46, 0, 9.11253e-006, -1, -2.36899e-010, 42.3481, 2, -6.00528e-010, -1.00109, 0.959473
66, 46, 0, 2.25499e-007, -1, -1.23563e-012, 2.49478, 2, -3.1649e-012, -1.00006, 0.944276
76, 46, 0, 1.40431e-005, -1, 3.78137e-015, -48.5202, 2, 3.69742e-015, -1, 0.970545
86, 46, 0, 2.07067e-005, -1, -2.1042e-010, 4.43298, 1, -1.79595e-008, -0.999757, 0.93644
96, 46, 0, -7.32149e-006, -1, -3.83454e-010, 6.96907, 1, 6.14342e-010, -0.999575, 0.924769
106, 46, 0, 1.88266e-006, -1, -1.13662e-011, 21.8123, 1, -5.91464e-012, -1.00013, 0.917013
116, 46, 0, 9.13959e-006, -1, -3.26454e-013, 1.98892, 1, 7.08429e-013, -1, 0.926998
126, 46, 0, 1.06031e-005, -1, 1.93102e-010, 0.77972, 2, -3.18658e-010, -1.00095, 0.978905
136, 46, 0, 0.000498106, -1, -6.52289e-008, 3702.25, 2, 1.91862e-007, -1.48488, 0.985238
146, 46, 0, -2.00257e-006, -1, 2.53423e-009, -2.10348, 2, 2.75799e-010, -0.998396, 0.968277
156, 46, 0, -6.40438e-007, -1, 7.32912e-012, -17.7379, 2, -3.96376e-011, -0.999794, 0.945745
166, 46, 0, -8.20743e-006, -1, -7.06072e-007, 152.218, 2, 7.47377e-007, 4.65189, 0.950965
176, 46, 0, 1.72361e-006, -1, 3.93291e-012, -15.6211, 2, 2.65258e-012, -1.00004, 0.950451
186, 46, 0, 1.22372e-005, -1, 2.52063e-011, -35.5829, 2, -1.4343e-011, -1.00007, 0.958104
196, 46, 0, 9.9742e-008, -1, 7.71684e-017, -1.50758, 2, -2.64419e-017, -1, 0.966809
206, 46, 0, -3.72633e-007, -1, -2.66178e-014, -0.322259, 2, 2.39946e-014, -1, 0.966081
216, 46, 0, -5.65109e-008, -1, 1.04122e-011, -12.833, 2, -9.88987e-011, -1.00046, 0.971656
226, 46, 0, -1.80927e-007, -1, -3.63373e-014, 2.30686, 2, -6.91712e-014, -1.00001, 0.955785
26, 56, 0, 2.38005e-007, -1, 3.6184e-014, 1.86628, 2, 2.35564e-014, -1, 0.952341
36, 56, 0, 8.2448e-006, -1, -3.01822e-008, 106.439, 2, -4.53038e-008, -1.35844, 0.924752
46, 56, 0, 0.0466912, -1, -0.00178993, 52117.4, 2, -0.00136844, -1997.82, 0.946243
56, 56, 0, -3.17204e-007, -1, 4.36821e-010, -15.1985, 2, 1.13341e-008, -0.977172, 0.950241
66, 56, 0, 2.18138e-007, -1, -3.13605e-009, -27.2516, 2, 3.11514e-007, 0.692446, 0.964183
76, 56, 0, -7.30236e-005, -1, 2.67269e-009, -326.285, 2, -4.18225e-009, -0.988145, 0.965186
86, 56, 0, -0.000583064, -1, -3.81647e-006, -3793.01, 2, -1.03838e-006, -25.829, 0.98744
96, 56, 0, 2.07912e-007, -1, -8.18672e-009, -18.3376, 2, -1.32064e-007, -2.28954, 0.9591
106, 56, 0, 8.63577e-006, -1, -7.20794e-012, -2.77957, 1, -1.11061e-011, -1.00004, 0.94702
116, 56, 0, 4.55073e-006, -1, 7.29605e-011, -18.4489, 1, -4.54985e-011, -0.99976, 0.935309
126, 56, 0, 4.31589e-007, -1, 1.42347e-012, -30.2629, 2, 1.74834e-008, -1.02472, 0.967592
136, 56, 0, -1.05264e-005, -1, 2.95729e-012, -102.859, 2, -8.44766e-012, -0.999973, 0.966291
146, 56, 0, -1.30559e-005, -1, -1.57291e-008, -214.922, 2, 1.52726e-008, -1.23294, 0.954465
156, 56, 0, -7.21409e-006, -1, -5.51108e-007, -33.2804, 2, -8.32516e-007, -3.66705, 0.947846
166, 56, 0, -2.4098e-005, -1, 2.11449e-006, 695.568, 2, -9.88173e-006, -62.3223, 0.961062
176, 56, 0, -2.2875e-007, -1, 1.30449e-011, -13.5173, 1, -2.08591e-010, -0.999815, 0.894312
186, 56, 0, 9.87191e-007, -1, 8.24564e-011, 45.6071, 0, 1.07866e-010, -1.00088, 0.895405
196, 56, 0, 1.05847e-007, -1, -7.00246e-017, -5.74431, 0, -4.15637e-015, -1, 0.88889
206, 56, 0, 0.000125287, -1, 1.79308e-005, 671.432, 1, 5.84887e-008, 94.6704, 0.909163
216, 56, 0, 8.11348e-007, -1, -2.14659e-014, 3.45608, 2, -1.71537e-014, -0.999999, 0.948421
226, 56, 0, 1.36094e-005, -1, 8.2037e-010, 2.07445, 1, 3.38295e-010, -1.00189, 0.91526
26, 66, 0, -4.41781e-007, -1, -7.57151e-011, -0.90514, 2, -2.82035e-010, -0.998652, 0.962876
36, 66, 0, 2.13445, -1, 0.00309451, -4.04065e+006, 1, 0.00532006, -5859.1, 0.886754
46, 66, 0, -4.99539e-006, -1, -2.06189e-008, -13.9172, 2, 4.6901e-010, -1.07822, 0.935293
56, 66, 0, -3.87272e-006, -1, -7.26062e-013, -14.6122, 2, 3.50066e-014, -1, 0.939687
66, 66, 0, 1.74587e-005, -1, 1.51703e-009, 5.26664, 2, -3.34838e-009, -1.00389, 0.983356
76, 66, 0, -7.3183e-007, -1, -1.353e-007, -4.91707, 2, -1.31377e-007, 0.26154, 0.978916
86, 66, 0, 0.0423278, -1, 0.00673191, -1148.74, 2, -0.000121062, -182.885, 0.955489
96, 66, 0, 1.91056e-006, -1, -1.26749e-012, -50.0306, 2, -3.81696e-011, -0.999835, 0.95542
106, 66, 0, 5.14815e-007, -1, -1.49389e-015, -12.865, 2, 1.35332e-014, -1, 0.970544
116, 66, 0, 1.#QNAN, 1.#QNAN, 1.#QNAN, 1.#QNAN, 2, 1.#QNAN, 1.#QNAN, 0.97861
126, 66, 0, -1.60985e-005, -1, 2.62598e-011, 3.50423, 1, -2.93866e-011, -0.999987, 0.934967
136, 66, 0, 6.53677e-007, -1, 1.36693e-010, 8.31375, 1, -3.22138e-010, -0.996978, 0.913573
146, 66, 0, 8.86018e-007, -1, -3.91066e-011, 6.19178, 1, -1.36137e-010, -1.00083, 0.914993
156, 66, 0, -8.83411e-006, -1, 1.91452e-013, -73.3557, 2, -9.3177e-013, -0.999998, 0.9625
166, 66, 0, -1.23433e-005, -1, 2.02628e-010, -106.516, 2, -6.19666e-011, -0.998244, 0.982544
176, 66, 0, 2.83884e-007, -1, -1.39479e-007, 9.27707, 2, -1.98579e-007, -7.6604, 0.984482
186, 66, 0, -2.83968e-007, -1, 2.86417e-013, 2.66162, 2, -1.27467e-013, -0.999996, 0.978146
196, 66, 0, -8.71061e-007, -1, 4.94995e-010, 4.72179, 2, -1.5981e-009, -1.00587, 0.966107
206, 66, 0, -5.74167e-007, -1, -1.88922e-011, 0.0375092, 2, 4.9696e-011, -0.999643, 0.965808
216, 66, 0, 9.30142e-006, -1, 3.09171e-010, -1.78323, 2, 8.66576e-010, -1.00219, 0.966969
226, 66, 0, 1.13402e-005, -1, -5.72359e-010, -2.27238, 2, -2.66515e-009, -0.997987, 0.97684
26, 76, 0, 2.93574e-005, -1, 1.82101e-008, 5.77734, 2, 9.68316e-009, -0.849238, 0.921157
36, 76, 0, 4.11043e-005, -1, 1.11516e-007, -11.6998, 2, 1.43626e-007, -1.26781, 0.931872
46, 76, 0, -0.000123336, -1, 1.02907e-005, -117.542, 2, 6.10821e-006, 7.06848, 0.959771
56, 76, 0, -5.45669e-006, -1, 9.16632e-009, -25.6092, 2, 3.2027e-009, -0.959159, 0.971186
66, 76, 0, 7.88459e-006, -1, 8.92816e-007, 30.5598, 2, 7.46047e-008, 2.65189, 0.994431
76, 76, 0, -7.89422e-005, -1, -1.2252e-007, -61.056, 2, -5.77205e-008, -1.09061, 0.980479
86, 76, 0, 0.000193748, -1, 3.36974e-006, 9.4129, 1, 1.04155e-007, -0.515719, 0.929527
96, 76, 0, 1.68958e-007, -1, -9.05279e-014, -4.12728, 1, 4.94708e-013, -0.999997, 0.91614
106, 76, 0, -1.1067e-007, -1, -2.00095e-013, 8.01658, 1, 2.79406e-012, -0.99999, 0.935639
116, 76, 0, -3.03505e-005, -1, -2.7549e-006, -176.575, 1, -8.52807e-007, -17.4357, 0.949531
126, 76, 0, -2.45449e-006, -1, -2.65209e-010, 20.1479, 2, -1.26432e-009, -0.999097, 0.975576
136, 76, 0, 1.24781e-005, -1, -4.86325e-009, 15.7999, 2, 2.30889e-008, -0.972831, 0.977126
146, 76, 0, -4.64224e-007, -1, 4.67277e-009, 1.07329, 2, -1.14489e-008, -0.97978, 0.963125
156, 76, 0, 1.86751e-008, -1, -5.95453e-015, 1.67375, 2, 3.04012e-015, -1, 0.925314
166, 76, 0, -1.35969e-007, -1, 1.22936e-010, 4.06294, 1, -8.08668e-009, -0.987673, 0.9308
176, 76, 0, 2.01685e-007, -1, -1.12537e-013, -1.66459, 1, -1.4698e-013, -1, 0.936053
186, 76, 0, 5.70892e-006, -1, -6.02431e-009, -188.344, 1, 3.39099e-008, -0.802512, 0.946557
196, 76, 0, -2.29869e-007, -1, -2.56707e-016, 1.30763, 2, -1.17118e-018, -1, 0.940412
206, 76, 0, 5.3552e-007, -1, -1.52379e-009, 2.34313, 2, -7.6358e-009, -1.04439, 0.934517
216, 76, 0, -3.81354e-006, -1, -5.54813e-011, 29.0986, 2, -2.28619e-010, -0.999717, 0.933518
226, 76, 0, 6.25868e-008, -1, 6.18802e-016, -13.7443, 1, -4.7343e-014, -1, 0.92561
26, 86, 0, -6.66451e-007, -1, -1.66613e-015, -5.22397, 1, -1.10786e-014, -1, 0.941217
36, 86, 0, 3.32929e-005, -1, 1.1745e-010, 5.62286, 2, -4.13619e-010, -0.999071, 0.920965
46, 86, 0, -0.000138386, -1, -4.18604e-011, -243.493, 2, 4.4075e-011, -1.00008, 0.930592
56, 86, 0, -6.53632e-006, -1, -8.2686e-007, -23.7337, 2, 5.69656e-008, -4.19095, 0.94136
66, 86, 0, 3.64546e-005, -1, -5.8737e-007, -95.6235, 2, -4.83012e-007, 0.306107, 0.937398
76, 86, 0, -7.6151e-005, -1, -1.7636e-006, -139.264, 1, 4.17252e-006, -5.03873, 0.942594
86, 86, 0, 2.04965e-006, -1, 3.11147e-008, 53.6037, 1, 2.9194e-008, -0.388488, 0.928371
96, 86, 0, 4.84432e-006, -1, 2.97729e-008, 19.5855, 1, 6.16898e-009, -0.864456, 0.943755
106, 86, 0, -1.88886e-006, -1, 2.27943e-012, -29.7586, 1, 1.03824e-011, -0.999965, 0.936843
116, 86, 0, -2.70093e-006, -1, 3.43041e-012, 20.1972, 2, -1.19258e-011, -1.00003, 0.949742
126, 86, 0, -9.16396e-007, -1, -3.30567e-012, 16.1615, 1, -1.00347e-010, -0.999838, 0.937915
136, 86, 0, -2.35071e-006, -1, -9.81419e-012, 24.4774, 1, 1.02943e-011, -0.999944, 0.945654
146, 86, 0, 1.08062e-005, -1, 1.14831e-008, -3.36304, 1, 4.01693e-008, -1.07247, 0.935381
156, 86, 0, 1.11057e-005, -1, 8.8114e-006, 83.2628, 2, 1.54904e-007, 66.4798, 0.959184
166, 86, 0, 0.0111775, -1, -0.000290601, -10445.2, 2, -5.26582e-005, 270.819, 0.96495
176, 86, 0, 3.35707e-006, -1, 2.72701e-009, 15.7702, 2, 2.24679e-010, -0.989593, 0.972776
186, 86, 0, 1.40232e-006, -1, 3.73514e-009, 8.71671, 2, -4.0488e-009, -0.987032, 0.964356
196, 86, 0, 2.41672e-005, -1, 3.09461e-006, 72.649, 1, -1.90024e-006, 8.19929, 0.91149
206, 86, 0, -0.00798441, -1, -0.000284887, 76745.4, 1, -0.00659225, 2738.2, 0.930971
216, 86, 0, 2.5089e-008, -1, 3.91956e-011, -37.2279, 1, 3.08066e-008, -1.14494, 0.927096
226, 86, 0, -6.76515e-007, -1, -1.10073e-007, -18.4105, 1, 2.84615e-008, -1.20658, 0.93488
26, 96, 0, -1.10776e-005, -1, -9.80066e-010, 24.0954, 1, 5.06101e-009, -0.997925, 0.917707
36, 96, 0, 3.2085e-005, -1, -1.30024e-007, -17.7395, 1, 3.34628e-008, -0.785858, 0.916543
46, 96, 0, -2.57611e-007, -1, -2.85225e-010, -3.23494, 1, 2.7139e-011, -1.00623, 0.904963
56, 96, 0, 2.30902e-005, -1, -1.793e-007, -20.1734, 2, -9.55336e-006, -0.25708, 0.935921
66, 96, 0, -1.79518e-005, -1, -1.00381e-011, -90.4999, 2, 1.26739e-011, -1.00005, 0.936154
76, 96, 0, 1.65285e-005, -1, -1.71893e-012, 6.81065, 2, 9.85064e-013, -0.999999, 0.944298
86, 96, 0, 2.06478e-007, -1, -1.81284e-012, 2.00673, 2, 3.77268e-012, -0.999957, 0.967247
96, 96, 0, 5.08439e-006, -1, 1.66565e-009, 44.4762, 2, -1.24963e-009, -0.98739, 0.954816
106, 96, 0, 6.50458e-006, -1, -6.881e-006, 52.5199, 2, -4.5546e-007, -51.9369, 0.951873
116, 96, 0, -7.41028e-005, -1, 4.26629e-006, 202.706, 2, -1.24506e-007, -11.1913, 0.962878
126, 96, 0, 1.14039e-005, -1, 6.26574e-013, -24.1949, 2, -7.87625e-013, -1.00001, 0.985184
136, 96, 0, -2.08003e-005, -1, 6.40277e-008, 70.3859, 2, -7.67367e-008, -1.20397, 0.987548
146, 96, 0, -4.83888e-008, -1, 1.11262e-010, -16.8734, 2, 1.91913e-009, -0.989702, 0.964401
156, 96, 0, 0.000124364, -1, 3.91533e-006, 156.51, 2, 2.5205e-006, 4.73177, 0.951365
166, 96, 0, 1.65723e-005, -1, 3.92605e-010, -0.054735, 1, -1.04855e-010, -0.998989, 0.941283
176, 96, 0, -1.41965e-005, -1, -1.38858e-007, 49.2515, 1, -9.90622e-008, -0.735566, 0.943078
186, 96, 0, -8.61509e-008, -1, -1.76191e-013, -23.9366, 1, 5.04956e-011, -0.999641, 0.946387
196, 96, 0, -4.49587e-006, -1, 1.58265e-010, 4.65226, 1, -3.33041e-011, -1.00052, 0.942511
206, 96, 0, -0.000185216, -1, 7.39836e-013, 581.042, 2, 9.86196e-013, -1, 0.975531
216, 96, 0, 1.09636e-006, -1, 6.55181e-010, -66.8019, 2, 3.1562e-009, -1.03117, 0.979525
226, 96, 0, -4.20656e-008, -1, -3.46981e-014, 2.81822, 2, 3.17387e-010, -0.998078, 0.944056
26, 106, 0, 3.24084e-005, -1, -1.06176e-007, -18.1518, 1, -7.3813e-008, -0.818186, 0.914305
36, 106, 0, -1.61375e-005, -1, 2.10065e-011, 17.6937, 1, 8.63804e-012, -1.00002, 0.922088
46, 106, 0, -0.00229271, -1, -2.70559e-005, -532.047, 2, -2.84931e-006, -7.25339, 0.972616
56, 106, 0, 0.000429499, -1, 0.000347409, 1205.98, 2, -0.000158295, 972.838, 0.980605
66, 106, 0, -1.3912e-005, -1, -4.80332e-012, -144.096, 2, 1.68003e-011, -1.00005, 0.981147
76, 106, 0, -5.84869e-006, -1, 1.36079e-009, -40.7852, 2, -2.11745e-009, -0.992055, 0.97631
86, 106, 0, 1.64332e-007, -1, -1.8349e-009, -19.1629, 1, 7.66237e-008, -0.584497, 0.937751
96, 106, 0, 1.65442e-005, -1, 5.99893e-010, 0.853394, 1, -4.7204e-010, -0.99856, 0.938819
106, 106, 0, -3.24947e-005, -1, -1.2015e-008, 27.8417, 1, 2.90388e-009, -0.991481, 0.936522
116, 106, 0, -2.70975e-008, -1, 3.20126e-013, -9.97009, 1, 2.76038e-012, -0.999972, 0.932946
126, 106, 0, 0.000110365, -1, -3.81016e-006, -1590.28, 2, 1.86709e-005, 54.9686, 0.951143
136, 106, 0, 7.4939e-005, -1, 3.03579e-006, -2684.38, 1, -2.74463e-005, -121.695, 0.926257
146, 106, 0, -1.68939e-005, -1, -8.26439e-007, 122.897, 1, 7.03911e-006, 3.00261, 0.935625
156, 106, 0, 2.36243e-005, -1, -1.90973e-010, -4.45816, 1, -1.7705e-011, -0.999907, 0.924646
166, 106, 0, 2.16932e-005, -1, -6.69133e-009, 14.0657, 2, 1.11759e-007, -1.03543, 0.933223
176, 106, 0, 9.59438e-006, -1, -9.50582e-009, 4.4999, 2, 4.57117e-008, -1.0554, 0.9592
186, 106, 0, -5.04859e-006, -1, 3.22805e-014, 30.4166, 2, -4.80213e-014, -1, 0.962988
196, 106, 0, -1.72551e-006, -1, -1.66725e-015, 18.091, 2, 1.83853e-014, -1, 0.979713
206, 106, 0, -3.78338e-006, -1, -3.74042e-014, 31.429, 2, 8.85938e-014, -1, 0.929656
216, 106, 0, -2.12028e-006, -1, 7.39816e-012, 18.8816, 1, 4.22937e-012, -1.00006, 0.899567
226, 106, 0, 4.73067e-008, -1, -2.74342e-010, -0.602174, 1, 2.02707e-010, -0.993799, 0.914635
26, 116, 0, 7.67722e-006, -1, 8.29306e-012, 14.3537, 2, 1.76582e-011, -1.00009, 0.952563
36, 116, 0, 2.74098e-006, -1, -1.11014e-008, 11.93, 1, -2.03482e-006, 0.268179, 0.94436
46, 116, 0, 0.00212683, -1, -4.40154e-005, 13837.9, 2, -0.000597027, -288.715, 0.955857
56, 116, 0, -2.73292e-006, -1, -3.62474e-009, 33.2003, 1, 1.72542e-009, -0.970675, 0.915845
66, 116, 0, 4.614e-005, -1, 2.93286e-007, 1152.9, 1, 2.06535e-006, 6.36431, 0.881064
76, 116, 0, 5.34556e-006, -1, 9.31033e-009, 28.4805, 1, 5.74679e-010, -0.946613, 0.889192
86, 116, 0, 3.09117e-008, -1, 1.43026e-013, 4.45105, 1, -6.70215e-010, -1.00228, 0.896809
96, 116, 0, -2.19813e-005, -1, -9.84398e-013, -79.8492, 1, 1.39229e-012, -1, 0.932067
106, 116, 0, 1.25354e-005, -1, -5.79007e-011, -5.41126, 2, 1.30451e-011, -1.00005, 0.978536
116, 116, 0, 2.54999e-005, -1, 7.72871e-010, 7.90272, 2, -2.0854e-010, -0.999183, 0.964806
126, 116, 0, 1.47336e-005, -1, 2.90343e-010, 9.52784, 1, -2.40893e-010, -0.999617, 0.914073
136, 116, 0, -0.000232687, -1, 7.26865e-008, -5213.67, 1, -5.37879e-008, 0.62993, 0.909633
146, 116, 0, 1.40937e-005, -1, -6.18595e-017, 315.168, 1, -9.55163e-016, -1, 0.910471
156, 116, 0, -3.16836e-007, -1, -6.91465e-009, 18.9573, 1, 5.46079e-008, -0.63788, 0.930572
166, 116, 0, -1.22e-005, -1, -8.26567e-013, -235.459, 2, 1.43322e-011, -1.00002, 0.915874
176, 116, 0, -4.73744e-006, -1, -1.38661e-014, -33.792, 2, 3.96646e-014, -1, 0.966584
186, 116, 0, -3.08936e-007, -1, -6.19359e-012, -5.30464, 2, 5.79265e-013, -1.00005, 0.973669
196, 116, 0, -1.91069e-006, -1, -7.56343e-010, 0.692301, 2, -4.13109e-012, -1.00133, 0.973439
206, 116, 0, 5.47986e-006, -1, -7.20885e-011, 66.0072, 1, 4.5153e-011, -1.00066, 0.938739
216, 116, 0, 0.00128473, -1, 1.40785e-005, -1691.69, 1, -1.04529e-006, -19.7728, 0.943941
226, 116, 0, -8.81328e-008, -1, 1.46289e-012, 1.90398, 2, -8.79393e-013, -1.00003, 0.95668
26, 126, 0, 1.09448e-005, -1, -2.72882e-009, -3.20867, 2, 4.6748e-009, -1.00998, 0.971403
36, 126, 0, 1.1209e-006, -1, 6.3492e-011, -6.74541, 2, -1.7404e-011, -1.00061, 0.946946
46, 126, 0, -6.35049e-008, -1, 9.93156e-014, 3.02276, 2, -2.03614e-013, -0.999997, 0.954532
56, 126, 0, -1.47133e-006, -1, 1.28455e-013, 24.9314, 2, 2.64931e-013, -1, 0.948323
66, 126, 0, -0.0279551, -1, -0.00356705, 44190.1, 2, 0.00264049, 5634.11, 0.976911
76, 126, 0, -2.03968e-008, -1, 6.09018e-014, -8.87659, 2, 3.91609e-013, -0.999996, 0.951608
86, 126, 0, 1.41045e-005, -1, -4.79903e-008, 14.9561, 2, 1.13527e-008, -0.95694, 0.906386
96, 126, 0, -1.24429e-005, -1, -3.87479e-007, 205.517, 1, 3.74226e-008, 3.93856, 0.871475
106, 126, 0, -1.83476e-005, -1, 0.000139152, -715.576, 1, 0.000102928, 5286.56, 0.845634
116, 126, 0, 3.498e-005, -1, 3.83756e-008, -0.375533, 1, 6.03479e-007, -0.578961, 0.895464
126, 126, 0, -3.37634e-005, -1, -1.41751e-006, -44.2275, 2, -5.19911e-007, -2.29662, 0.937407
136, 126, 0, -7.89125e-008, -1, -6.39861e-014, 5.74015, 2, 4.64175e-013, -0.999997, 0.966743
146, 126, 0, -1.00923e-005, -1, 4.15067e-007, -49.882, 2, -4.69162e-008, 0.944684, 0.953403
156, 126, 0, -2.96868e-005, -1, -3.51086e-011, 9.04227, 1, -3.43739e-012, -0.999984, 0.95536
166, 126, 0, -9.44086e-005, -1, -7.432e-008, 964.331, 1, -3.242e-007, -0.245823, 0.924214
176, 126, 0, 5.73422e-008, -1, -1.26405e-011, 0.126024, 1, 2.48017e-010, -0.996868, 0.879444
186, 126, 0, -1.83564e-007, -1, 3.691e-013, -16.4218, 1, 1.31429e-012, -0.999984, 0.878508
196, 126, 0, 6.39394e-008, -1, -2.50011e-015, -6.15427, 1, 3.6166e-014, -1, 0.888006
206, 126, 0, -4.10273e-006, -1, 7.24721e-011, -16.1963, 2, -8.01751e-011, -0.999718, 0.968023
216, 126, 0, -9.06705e-006, -1, 3.5769e-011, -5.9842, 2, 3.77603e-011, -0.999931, 0.957949
226, 126, 0, -1.08986e-007, -1, 1.09192e-009, 42.2133, 2, 1.00202e-007, -0.0536506, 0.960587
26, 136, 0, 1.7352e-005, -1, -3.81751e-009, 0.179476, 0, -9.05296e-010, -1.00602, 0.882682
36, 136, 0, -4.94096e-006, -1, -1.48814e-009, 45.708, 1, -1.58157e-009, -0.988797, 0.922808
46, 136, 0, -2.03621e-005, -1, 1.34206e-024, -41.3725, 2, -3.65671e-037, -1, 0.970716
56, 136, 0, 6.91279e-006, -1, 1.44872e-008, -182.416, 2, 2.82517e-008, -1.37904, 0.992438
66, 136, 0, -2.35649e-007, -1, 1.6355e-012, 15.02, 2, -9.42957e-012, -1.00006, 0.979406
76, 136, 0, 1.4595e-006, -1, 2.91287e-016, 8.59164, 2, -1.2098e-017, -1, 0.971528
86, 136, 0, 1.86859e-005, -1, -2.81351e-010, 4.63821, 2, -9.49626e-011, -0.999226, 0.95783
96, 136, 0, 2.49112e-005, -1, 2.70938e-007, -1.00575, 2, -3.39108e-008, -0.903612, 0.971999
106, 136, 0, 5.48876e-005, -1, -4.08817e-006, 673.627, 2, -0.000176595, -52.5741, 0.988
116, 136, 0, -5.09118e-005, -1, 2.0435e-011, 167.565, 2, 2.50949e-011, -1.00006, 0.931312
126, 136, 0, 5.77503e-005, -1, -2.93387e-006, 113.97, 1, 1.80535e-006, -11.0229, 0.865592
136, 136, 0, -2.3615e-006, -1, 3.06463e-014, -30.7279, 1, -5.92712e-014, -1, 0.881135
146, 136, 0, -3.55845e-007, -1, -3.34373e-010, 7.94441, 1, 1.9436e-009, -0.991008, 0.904179
156, 136, 0, -7.14645e-006, -1, -1.76362e-007, -29.9991, 2, 3.6308e-008, -1.25408, 0.976321
166, 136, 0, 4.31411e-008, -1, 1.92109e-015, 6.702, 2, -7.74608e-014, -1, 0.970984
176, 136, 0, 2.56404e-006, -1, 1.57819e-012, -21.4155, 2, 1.04558e-011, -1.00002, 0.963194
186, 136, 0, -4.72135e-005, -1, 1.48783e-005, -697.589, 2, 3.69787e-005, 212.868, 0.938914
196, 136, 0, -3.72695e-006, -1, -5.90512e-019, -22.8556, 2, 2.89975e-031, -1, 0.945974
206, 136, 0, 2.53547e-007, -1, 1.76685e-014, -4.13507, 1, -7.15223e-014, -1, 0.944149
216, 136, 0, 1.01492e-005, -1, -5.78522e-009, 6.39624, 1, 1.36911e-008, -1.09448, 0.941508
226, 136, 0, -1.40716e-006, -1, 9.31518e-016, -137.689, 1, 4.07214e-014, -1, 0.940511
26, 146, 0, 5.93921e-008, -1, -1.41916e-013, -2.37997, 1, -1.37543e-013, -1.00001, 0.913187
36, 146, 0, 7.22079e-007, -1, 4.89896e-010, 16.2876, 1, -1.33788e-010, -0.991862, 0.935579
46, 146, 0, -2.32885e-005, -1, -1.87779e-008, -9.20343, 2, 1.68835e-008, -1.01146, 0.970197
56, 146, 0, 5.22304e-008, -1, 1.66089e-014, 0.0310824, 2, -7.58061e-014, -1, 0.982846
66, 146, 0, 1.9939e-006, -1, 1.07644e-015, -11.7085, 2, 2.35007e-016, -1, 0.97834
76, 146, 0, 2.62587e-006, -1, -6.46549e-017, -14.6979, 2, -8.74425e-024, -1, 0.958786
86, 146, 0, -1.41265e-006, -1, -2.66146e-010, -7.81069, 1, -1.34477e-010, -1.00151, 0.858782
96, 146, 0, -1.82882e-005, -1, 1.6062e-008, 49.4064, 0, 3.05069e-009, -1.05174, 0.864069
106, 146, 0, 1.#QNAN, 1.#QNAN, 1.#QNAN, 1.#QNAN, 0, 1.#QNAN, 1.#QNAN, 0.906641
116, 146, 0, -0.000172326, -1, -2.63052e-007, 43.7969, 0, 4.39064e-007, -0.93798, 0.909558
126, 146, 0, 3.57427e-005, -1, 1.51826e-008, -21.6151, 1, 1.09669e-008, -1.02473, 0.934907
136, 146, 0, -7.56688e-007, -1, -1.12445e-013, -34.1318, 2, 9.05829e-013, -1, 0.964779
146, 146, 0, 2.38197e-007, -1, -9.63709e-009, 26.0499, 2, -1.59841e-007, -1.34557, 0.948292
156, 146, 0, -5.17689e-006, -1, 8.5931e-014, -54.2194, 1, 3.31326e-013, -0.999999, 0.949509
166, 146, 0, 9.87543e-008, -1, -3.84519e-020, -0.839316, 1, 1.43281e-026, -1, 0.940712
176, 146, 0, -9.21238e-009, -1, -1.00315e-011, -12.5789, 1, -1.37842e-009, -1.00408, 0.913983
186, 146, 0, 3.13188e-005, -1, 4.87899e-009, -7.09018, 2, 6.71114e-010, -1.00335, 0.917353
196, 146, 0, 4.74777e-006, -1, 4.91033e-009, -0.596095, 1, -3.43205e-009, -1.08014, 0.870614
206, 146, 0, -4.11826e-006, -1, -2.07352e-010, 6.25168, 1, 1.09435e-011, -0.999815, 0.901176
216, 146, 0, -5.83531e-007, -1, -2.7848e-012, -4.66, 1, -3.24809e-011, -1.00004, 0.937193
226, 146, 0, 7.5249e-006, -1, -1.80914e-009, -20.2732, 1, -6.71509e-009, -1.10836, 0.947589
26, 156, 0, -0.0002271, -1, 6.79534e-006, -55.9683, 1, 3.77483e-006, 0.764771, 0.946491
36, 156, 0, 1.21537e-005, -1, 4.43371e-010, 35.9075, 1, -3.31049e-009, -0.998399, 0.916196
46, 156, 0, 0.000216858, -1, -1.75762e-005, -136.192, 1, -3.43643e-006, 11.1672, 0.875035
56, 156, 0, -3.04976e-007, -1, 1.50504e-014, -2.34642, 1, 2.35357e-013, -0.999999, 0.868331
66, 156, 0, 0.0172189, -1, 5.7834e-005, 223983, 1, -0.000288664, 751.118, 0.922094
76, 156, 0, 0.000776319, -1, 7.96766e-006, 13514.2, 1, -4.11231e-005, 137.354, 0.936804
86, 156, 0, -1.03458e-006, -1, -7.41296e-011, 1.67338, 1, 5.91601e-011, -1.00062, 0.954939
96, 156, 0, 7.68681e-006, -1, -7.06791e-008, 77.7754, 2, 7.80171e-009, -1.66065, 0.955405
106, 156, 0, 4.13044e-007, -1, 1.16008e-016, 16.9063, 1, 9.22847e-024, -1, 0.934045
116, 156, 0, 6.71381e-006, -1, -3.60542e-012, 9.83686, 1, 1.23397e-012, -0.999993, 0.926747
126, 156, 0, 2.18121e-007, -1, -8.97498e-013, -6.23011, 0, -1.18103e-011, -1.00009, 0.887228
136, 156, 0, 1.60555e-005, -1, 2.3673e-007, 54.9193, 1, -5.49491e-007, -0.107383, 0.909663
146, 156, 0, -2.78859e-006, -1, -1.10932e-008, 145.57, 1, 1.9157e-007, -0.430088, 0.899867
156, 156, 0, 4.11956e-005, -1, -6.89486e-009, -19.723, 1, -3.93245e-009, -0.992903, 0.928528
166, 156, 0, -2.16391e-005, -1, 1.61946e-008, -71.1429, 1, -2.70363e-010, -0.953251, 0.910572
176, 156, 0, -1.16138e-005, -1, -1.7901e-006, 55.2069, 1, -7.92404e-007, 1.85434, 0.891699
186, 156, 0, 5.57287e-005, -1, -1.98451e-007, 147.089, 1, 4.00957e-007, -1.54, 0.897929
196, 156, 0, 8.70694e-006, -1, -1.92104e-011, 56.5104, 1, 2.94303e-011, -1.00024, 0.916874
206, 156, 0, 0.0421134, -1, -0.0031644, 174045, 1, -0.0014132, -13078.7, 0.940392
216, 156, 0, -3.55045e-006, -1, 3.24339e-008, 1.24825, 2, 2.51052e-008, -1.0452, 0.970477
226, 156, 0, 1.12459e-005, -1, -4.94483e-008, 38.6457, 2, 8.55272e-008, -1.15189, 0.957981
26, 166, 0, -0.023844, -1, -0.00129518, 110294, 2, 0.00101116, 5986.56, 0.958929
36, 166, 0, 9.75959e-009, -1, -5.48402e-015, 2.57005, 1, 6.49796e-015, -1, 0.951636
46, 166, 0, -2.8122e-008, -1, 1.14989e-014, 6.61616, 1, -1.06446e-014, -1, 0.943596
56, 166, 0, 4.52292e-007, -1, 6.06106e-009, 13.1264, 1, 4.76364e-008, -0.877582, 0.956835
66, 166, 0, 1.07104e-005, -1, 3.47517e-010, 7.23386, 1, -1.20271e-010, -1.00072, 0.961208
76, 166, 0, -2.79881e-007, -1, -1.20221e-016, 8.52383, 2, 9.52163e-016, -1, 0.984403
86, 166, 0, 8.70353e-006, -1, 1.06019e-009, 4.15843, 2, -6.40865e-010, -1.00292, 0.985743
96, 166, 0, -1.51286e-005, -1, 2.84125e-008, -39.5083, 2, -3.13681e-008, -0.899357, 0.991835
106, 166, 0, 1.05691e-007, -1, 1.03117e-014, 1.68459, 2, -1.41511e-014, -1, 0.991295
116, 166, 0, 9.92896e-006, -1, 4.83524e-010, 3.95844, 2, -9.7864e-010, -1.00174, 0.990753
126, 166, 0, 6.33936, -1, -0.141314, -1.57079e+006, 2, 0.0188377, 35014.4, 0.969819
136, 166, 0, -2.07711e-006, -1, 2.8393e-008, -325.151, 1, 2.00944e-006, 3.81208, 0.949952
146, 166, 0, 9.6781e-008, -1, 1.78718e-010, 3.97968, 1, 9.1115e-010, -1.05428, 0.942796
156, 166, 0, 0.000170608, -1, -2.40447e-009, 22.9913, 1, -1.45303e-010, -1.00038, 0.936889
166, 166, 0, 1.#QNAN, 1.#QNAN, 1.#QNAN, 1.#QNAN, 2, 1.#QNAN, 1.#QNAN, 0.955241
176, 166, 0, -2.10835e-006, -1, 2.40361e-007, -6.93944, 2, 1.04405e-007, -0.236134, 0.924927
186, 166, 0, 9.11603e-007, -1, 7.85465e-009, 26.7891, 2, 5.52576e-008, -0.694095, 0.924602
196, 166, 0, -8.08464e-008, -1, -8.65319e-012, 3.07034, 2, -3.95792e-010, -1.00184, 0.936398
206, 166, 0, 2.07618e-006, -1, -7.94609e-011, 29.6147, 2, 2.69662e-010, -0.999156, 0.955149
216, 166, 0, -2.5126e-005, -1, 5.2897e-007, -70.0504, 1, -3.98e-007, -0.0886372, 0.943994
226, 166, 0, 1.25332e-005, -1, 5.35729e-009, 11.3828, 1, -5.41479e-009, -0.984766, 0.938446
26, 176, 0, -1.82473e-007, -1, 1.88897e-012, 1.56787, 1, -8.38573e-013, -1.00007, 0.923468
36, 176, 0, 4.96802e-006, -1, -4.5266e-009, 19.3433, 2, 7.2055e-009, -1.01529, 0.955698
46, 176, 0, 1.47214e-005, -1, 7.27699e-010, 6.16284, 2, -3.79712e-009, -1.02375, 0.980016
56, 176, 0, -3.59601e-006, -1, 5.13272e-010, -22.8525, 2, -2.18765e-008, -0.99658, 0.991091
66, 176, 0, 6.25604e-008, -1, -1.95778e-021, 4.08081, 2, -2.61601e-029, -1, 0.993144
76, 176, 0, 0.0198477, -1, 0.000161986, 4193.8, 2, -1.11962e-005, 33.1318, 0.983512
86, 176, 0, -1.77949e-006, -1, 2.84094e-008, 8.80317, 2, -2.39476e-008, -0.922486, 0.983255
96, 176, 0, -1.66639e-006, -1, 6.07651e-013, -29.1964, 2, 5.11166e-013, -1.00005, 0.96081
106, 176, 0, 9.77302e-008, -1, 1.4325e-018, -3.62678, 2, -3.29323e-025, -1, 0.969338
116, 176, 0, -1.3042e-007, -1, 3.66202e-014, 6.46877, 2, -1.25761e-012, -1.00001, 0.964186
126, 176, 0, -5.10184e-006, -1, 8.7254e-009, -95.427, 1, -7.81425e-009, -0.924893, 0.960074
136, 176, 0, -8.6956e-006, -1, 3.17764e-015, 24.9121, 1, 1.18602e-015, -1, 0.960702
146, 176, 0, -9.06066e-006, -1, -1.84417e-012, 23.5343, 1, 4.45768e-012, -0.999996, 0.950185
156, 176, 0, 5.97034e-008, -1, 1.05627e-011, -8.93607, 1, 4.26476e-011, -0.999812, 0.93757
166, 176, 0, -2.54051e-006, -1, 1.17876e-013, 35.5294, 1, 7.29396e-013, -1, 0.926965
176, 176, 0, 7.80801e-006, -1, -1.24558e-013, 19.5185, 1, -8.82068e-014, -0.999999, 0.911943
186, 176, 0, -3.66227e-007, -1, -7.08468e-013, 18.2334, 1, 1.60941e-012, -0.999996, 0.924957
196, 176, 0, -5.2782e-006, -1, 5.85657e-009, -45.9558, 1, 1.09859e-009, -0.944256, 0.918075
206, 176, 0, -7.66772e-006, -1, 6.78103e-011, 59.3026, 2, -3.11457e-012, -1.00034, 0.949518
216, 176, 0, 4.24596e-007, -1, 3.25134e-009, 5.02495, 2, 3.59789e-010, -0.991052, 0.946347
226, 176, 0, 0.00027526, -1, -6.41659e-005, -186.938, 2, 8.15767e-006, 48.103, 0.974615
26, 186, 0, -7.10879e-008, -1, -3.15678e-012, 10.9121, 2, 2.40892e-011, -0.999777, 0.926741
36, 186, 0, -0.000122939, -1, 8.41677e-006, 368.807, 2, 4.4718e-005, -25.9586, 0.954711
46, 186, 0, 3.51513e-005, -1, -1.00984e-007, 373.361, 2, -7.0726e-009, -2.06295, 0.98914
56, 186, 0, -9.04254e-008, -1, 2.88611e-012, 2.30294, 2, -8.09987e-012, -0.999541, 0.980487
66, 186, 0, 1.94389e-006, -1, 1.02493e-009, -54.5637, 1, 3.01773e-009, -1.02889, 0.93155
76, 186, 0, 2.47069e-006, -1, -2.01038e-007, -875.67, 1, 1.48176e-005, 65.6387, 0.900758
86, 186, 0, -5.30377e-006, -1, -4.01796e-014, -28.2382, 0, 1.13891e-014, -1, 0.908258
96, 186, 0, 1.16076e-006, -1, -1.78568e-011, 16.1328, 0, -4.17418e-011, -1.00037, 0.903928
106, 186, 0, 0.141511, -1, 0.000449413, 789995, 1, -0.000586362, 2507.91, 0.903497
116, 186, 0, 8.1219e-008, -1, 2.00126e-014, -2.5258, 1, 8.13891e-013, -1.00002, 0.927875
126, 186, 0, 1.28767e-006, -1, -5.78504e-008, 17.6683, 1, 9.70484e-008, -1.92616, 0.952665
136, 186, 0, 3.47049e-008, -1, 3.34638e-013, 1.33798, 1, 1.21044e-010, -0.999427, 0.950702
146, 186, 0, 1.75622e-007, -1, -1.1092e-010, 1.94451, 2, 1.19902e-008, -1.03339, 0.976362
156, 186, 0, 1.47625e-005, -1, 6.96379e-009, -116.168, 1, -3.08878e-008, -1.06281, 0.951166
166, 186, 0, -1.10838e-006, -1, -3.19229e-018, -191.561, 2, -3.52696e-023, -1, 0.947955
176, 186, 0, -1.23322e-005, -1, -4.4516e-009, -133.399, 2, 3.67032e-008, -1.04382, 0.964587
186, 186, 0, -9.20675e-008, -1, 9.96123e-010, 26.8151, 2, -2.2863e-008, -1.11857, 0.972296
196, 186, 0, 5.03404e-006, -1, -4.69019e-021, 36.4186, 2, -1.21877e-033, -1, 0.974333
206, 186, 0, 2.18279e-005, -1, -7.92638e-007, -1378.23, 2, 5.11396e-006, 49.2323, 0.971899
216, 186, 0, 0.070065, -1, 0.00587183, 418796, 1, -0.00101792, 35096.2, 0.914523
226, 186, 0, 3.55687e-005, -1, 4.62973e-007, -94.7167, 2, -4.77447e-007, -3.50318, 0.917404
26, 196, 0, -8.00905e-008, -1, -7.67961e-011, 1.8827, 2, -6.09081e-010, -1.00434, 0.945401
36, 196, 0, 0.000449107, -1, -2.74771e-005, 45892.1, 2, -0.000638108, -2877.28, 0.942654
46, 196, 0, -8.78446e-009, -1, 1.04667e-012, 0.539079, 2, -1.02294e-010, -1.00127, 0.928155
56, 196, 0, 0.000139159, -1, 3.95877e-005, -4130.44, 2, 0.000300973, -1273.97, 0.935879
66, 196, 0, -0.000511868, -1, -1.383e-005, -1227.75, 1, -1.10939e-005, -34.2353, 0.941089
76, 196, 0, 1.66294e-006, -1, 4.28089e-008, 11.4775, 1, -1.2733e-007, -0.681781, 0.938313
86, 196, 0, 3.59291e-007, -1, 1.49212e-011, 1.58714, 1, -1.49364e-012, -0.999875, 0.938361
96, 196, 0, 1.09948e-007, -1, -9.29775e-011, 11.4322, 1, 3.48562e-010, -0.997435, 0.928701
106, 196, 0, 8.84719e-007, -1, -8.41254e-011, 6.44902, 1, -1.66056e-011, -1.0003, 0.914113
116, 196, 0, 2.2538e-006, -1, -3.74407e-009, 3.06364, 1, -1.58936e-009, -1.11031, 0.92533
126, 196, 0, -1.64464e-005, -1, 2.11739e-007, -162.789, 2, -1.24993e-005, 1.15201, 0.959356
136, 196, 0, 6.82313e-007, -1, 2.31803e-009, 7.23229, 2, 8.03852e-011, -0.978109, 0.970392
146, 196, 0, 4.47524e-007, -1, 1.53592e-012, 4.98157, 2, -2.89929e-013, -0.999984, 0.967692
156, 196, 0, 17.0173, -1, -3.5308, -5.98062e+006, 2, 1.20151, 1.24088e+006, 0.963746
166, 196, 0, 2.56149e-005, -1, 4.05364e-009, 7.29905, 2, 1.83694e-008, -0.968853, 0.98119
176, 196, 0, -1.49473e-005, -1, 9.44442e-014, -21.6402, 2, -9.65195e-014, -1, 0.997958
186, 196, 0, 1.99043e-007, -1, -4.07447e-013, -2.41865, 2, 1.54027e-013, -1.00001, 0.998223
196, 196, 0, 3.10162e-007, -1, -5.63004e-012, 0.0709786, 2, -1.7997e-012, -1.00009, 0.980649
206, 196, 0, 1.6755e-005, -1, 1.73796e-012, -10.3104, 2, -3.85398e-011, -1.00009, 0.949845
216, 196, 0, 1.26534e-005, -1, 6.62165e-008, 21.5958, 2, -3.47403e-007, -1.63122, 0.945507
226, 196, 0, 1.56199e-005, -1, -2.20323e-007, -8.23698, 2, -1.16129e-007, 0.175765, 0.940082
26, 206, 0, -3.92241e-006, -1, -1.68394e-009, -77.6078, 2, 1.2745e-008, -1.03162, 0.959915
36, 206, 0, 8.71164e-006, -1, 2.89872e-008, -8.53351, 2, -1.86808e-008, -0.839784, 0.968141
46, 206, 0, -0.000457929, -1, 4.62534e-006, -2173.52, 2, 1.57545e-007, 20.5488, 0.967749
56, 206, 0, 1.92871e-007, -1, -2.70204e-014, -2.22341, 2, 5.7116e-015, -1, 0.972755
66, 206, 0, 1.#QNAN, 1.#QNAN, 1.#QNAN, 1.#QNAN, 1, 1.#QNAN, 1.#QNAN, 0.928977
76, 206, 0, 1.62998e-005, -1, 5.03784e-010, 8.81946, 1, -2.39791e-009, -0.993501, 0.857826
86, 206, 0, 1.22669e-005, -1, -5.84452e-009, 13.2213, 0, -2.34123e-009, -0.985078, 0.847903
96, 206, 0, -0.000859282, -1, -1.23071e-005, 2328.67, 1, -1.80374e-005, 32.2282, 0.865306
106, 206, 0, 2.27099e-005, -1, -4.34016e-007, -3.48357, 1, 1.22823e-007, -0.503349, 0.906053
116, 206, 0, 9.54644e-008, -1, 2.01644e-012, 1.10676, 2, -3.70275e-014, -0.999956, 0.953511
126, 206, 0, -4.92395e-006, -1, 1.53015e-011, -49.0541, 1, -1.13614e-011, -0.999872, 0.870622
136, 206, 0, 2.57552e-005, -1, 1.47589e-008, 19.0047, 1, -1.2452e-008, -0.976679, 0.856304
146, 206, 0, 1.53145e-005, -1, 1.62506e-008, 14.1959, 1, -1.38168e-007, -0.883447, 0.851181
156, 206, 0, 3.78994e-007, -1, 4.95674e-011, 2.61371, 2, -2.32262e-012, -1.00086, 0.946304
166, 206, 0, 1.#QNAN, 1.#QNAN, 1.#QNAN, 1.#QNAN, 2, 1.#QNAN, 1.#QNAN, 0.917496
176, 206, 0, 9.28657e-006, -1, -6.4731e-010, 31.9318, 0, -5.44695e-009, -0.99316, 0.904896
186, 206, -1, -1.00006, -1, 1.08905e-010, 4.65351, 0, -2.1633e-011, -0.99998, 0.904318
196, 206, 0, 2.69357e-006, -1, 3.06969e-011, 7.22396, 0, 8.99361e-012, -0.999892, 0.886473
206, 206, 0, 0.36077, -1, 0.109481, 942455, 2, -0.00664327, 286001, 0.928173
216, 206, 0, 0.00268796, -1, -0.000281221, 12050.2, 2, 6.34622e-005, -1261.56, 0.973923
226, 206, 0, -1.59076e-007, -1, 7.70993e-014, -2.38313, 2, -1.30029e-014, -0.999997, 0.970131
26, 216, 0, -3.34185e-006, -1, -7.3718e-011, -0.712359, 2, 7.90325e-011, -1.00015, 0.96627
36, 216, 0, 6.35367e-005, -1, -1.45054e-008, 16.3258, 2, 1.9587e-009, -1.00536, 0.961799
46, 216, 0, -9.17363e-007, -1, 1.0865e-011, -6.50662, 2, 2.3678e-013, -0.999917, 0.963438
56, 216, 0, 1.20677e-007, -1, 4.74089e-020, -2.03023, 1, -1.87352e-026, -1, 0.954769
66, 216, 0, 5.05942e-006, -1, -1.80314e-008, 1.68921, 1, -3.39829e-009, -0.990879, 0.902602
76, 216, 0, -2.19502e-006, -1, -5.11392e-008, -65.104, 1, 1.01659e-006, -5.06418, 0.883035
86, 216, 0, -3.06749e-007, -1, 1.11368e-012, 12.6499, 1, -1.42474e-011, -1.00013, 0.898964
96, 216, 0, 1.#QNAN, 1.#QNAN, 1.#QNAN, 1.#QNAN, 1, 1.#QNAN, 1.#QNAN, 0.915125
106, 216, 0, -0.0731603, -1, -0.00433431, -469286, 2, 0.000158532, -27803.6, 0.987196
116, 216, 0, 1.14027e-006, -1, 1.05579e-010, -29.9201, 2, 1.06689e-010, -1.00436, 0.906461
126, 216, 0, -7.62967e-007, -1, -2.01485e-012, -17.2072, 2, -2.08121e-014, -1.00001, 0.904995
136, 216, 0, 1.#QNAN, 1.#QNAN, 1.#QNAN, 1.#QNAN, 1, 1.#QNAN, 1.#QNAN, 0.908261
146, 216, 0, -1.15845e-006, -1, 7.33114e-009, -5.96582, 2, 8.30211e-010, -0.984171, 0.967855
156, 216, 0, 3.56153e-007, -1, -2.54975e-010, -3.01119, 2, -1.82318e-010, -1.00276, 0.961481
166, 216, 0, 4.39315e-005, -1, -1.90347e-009, -6.30643, 2, 1.48366e-008, -0.998754, 0.971169
176, 216, 0, 2.80374e-005, -1, 4.5078e-010, -35.1751, 1, 1.69449e-009, -1.00108, 0.911025
186, 216, 0, -0.000219169, -1, 3.55206e-007, -624.066, 1, -1.009e-006, -0.112992, 0.92345
196, 216, 0, 1.40044e-005, -1, 3.54312e-007, 6.74279, 1, -4.0928e-006, -1.52704, 0.945418
206, 216, 0, 8.20409e-006, -1, -1.03406e-009, 12.8372, 2, 1.34904e-009, -0.997908, 0.941567
216, 216, 0, -1.67944e-007, -1, -3.12536e-015, 0.964846, 1, 3.43709e-014, -1, 0.911004
226, 216, 0, 2.14657e-006, -1, -1.84843e-006, 239.777, 1, -5.0591e-006, 40.5967, 0.895588
26, 226, 0, 4.58282e-007, -1, 4.16119e-013, -22.5053, 2, -1.05092e-012, -0.999998, 0.979406
36, 226, 0, -1.76634e-007, -1, 2.7042e-011, -2.83955, 2, -5.61668e-013, -0.999896, 0.974515
46, 226, 0, 5.20048e-006, -1, -4.31203e-009, -61.7617, 2, 4.5968e-008, -0.928404, 0.969857
56, 226, 0, 1.#QNAN, 1.#QNAN, 1.#QNAN, 1.#QNAN, 2, 1.#QNAN, 1.#QNAN, 0.984869
66, 226, 0, -1.97268e-007, -1, -7.89189e-014, 3.05558, 2, -1.3547e-014, -1.00001, 0.966567
76, 226, 0, 1.78381e-005, -1, -6.51478e-008, 7.25378, 2, -9.71248e-008, -0.855151, 0.973684
86, 226, 0, -0.000130494, -1, 3.46463e-006, -94.9081, 2, 1.99237e-007, 1.23207, 0.956372
96, 226, 0, -1.08633e-005, -1, 1.49865e-008, -1752.16, 2, 9.34312e-007, 2.64746, 0.96657
106, 226, 0, 1.49285e-005, -1, 1.67945e-009, -3.2072, 2, 5.51838e-009, -0.993675, 0.932896
116, 226, 0, 2.67483e-005, -1, 8.79466e-009, -5.1556, 2, -1.0981e-008, -0.986472, 0.938429
126, 226, 0, 1.54514e-005, -1, -1.36619e-018, -30.2996, 1, 1.68506e-025, -1, 0.864391
136, 226, 0, 1.88587e-005, -1, 5.81505e-010, -0.427868, 1, -1.00338e-009, -0.997729, 0.860951
146, 226, 0, 1.91873e-005, -1, -9.85821e-009, 1.83353, 1, -4.8708e-009, -0.98354, 0.863013
156, 226, 0, -5.44517e-008, -1, 2.59558e-010, 6.40117, 1, 3.27699e-008, -0.860978, 0.876746
166, 226, 0, 1.56664e-005, -1, -1.49006e-010, -38.0503, 1, -2.2944e-010, -0.99978, 0.931477
176, 226, 0, -2.54108e-006, -1, 1.815e-012, 15.3616, 1, 2.73052e-014, -1, 0.948997
186, 226, 0, 8.12332e-007, -1, 1.00113e-013, 1.93031, 1, -3.55396e-013, -1, 0.956711
196, 226, 0, 1.71331e-007, -1, 1.23425e-013, 5.3687, 2, 1.26066e-013, -0.999999, 0.969423
206, 226, 0, -1.31688e-005, -1, 1.76888e-012, 73.625, 2, -2.22281e-012, -1.00001, 0.968685
216, 226, 0, 1.98105e-008, -1, -1.98757e-011, 3.0847, 2, -9.57791e-013, -1.00013, 0.955994
226, 226, 0, 3.18998e-007, -1, 8.67712e-018, -34.1365, 2, 1.47566e-024, -1, 0.966911
