X, Y, Int U, U, Ux, Uy, Int V, V, Vx, Vy, Interation, ZNCC, Black Subset, Out of Boundary, 
18, 18, 0, 0.000448423, 9.61159e-005, -2.50547e-005, 0, 2.00035, 6.17226e-005, -4.18768e-005, 10, 0.865119, 0, 0
28, 18, -1, -0.000264898, 8.0567e-005, -4.11195e-005, 0, 1.99875, -6.1838e-006, 0.000130472, 18, 0.942677, 0, 0
38, 18, 0, 8.90464e-007, -3.86453e-005, 2.27179e-005, 0, 1.99987, 2.56777e-005, -1.21575e-006, 10, 0.891668, 0, 0
48, 18, 0, -1.54081e-005, 4.737e-006, -1.8467e-006, 1, 2.00001, 1.5696e-005, 1.11731e-005, 4, 0.890998, 0, 0
58, 18, 0, 0, 0, 0, 2, 2, 0, 0, 0, 0.928796, 0, 0
68, 18, 0, -4.50187e-005, 3.07124e-005, 1.61447e-005, 1, 1.99989, 3.07614e-005, -1.84244e-005, 5, 0.925712, 0, 0
78, 18, 0, 0, 0, 0, 2, 2, 0, 0, 0, 0.91322, 0, 0
88, 18, 0, 0, 0, 0, 2, 2, 0, 0, 0, 0.956768, 0, 0
98, 18, 0, -2.11039e-005, 7.01515e-006, -1.46305e-005, 1, 1.99957, 1.71646e-005, -8.3718e-005, 10, 0.745942, 0, 0
108, 18, 0, 3.22295e-005, -9.59608e-007, 2.54311e-006, 0, 1.99995, 4.32581e-006, -7.88945e-006, 5, 0.805262, 0, 0
118, 18, 0, 2.56638e-005, 1.57514e-006, 4.24086e-006, 0, 1.99998, 1.17523e-006, -8.04901e-006, 5, 0.875297, 0, 0
128, 18, 0, 0.00262871, 0.00485175, -0.00190412, 0, 1.9929, -0.00182261, 0.00229199, 20, 0.779548, 0, 0
138, 18, 0, 0.000141377, -3.13079e-005, -1.87536e-005, 1, 1.99994, 1.96641e-005, -1.22121e-006, 6, 0.834504, 0, 0
148, 18, 0, -7.7256e-005, -2.45434e-005, 2.1526e-005, 1, 1.99995, 8.54932e-006, 2.69507e-005, 6, 0.914881, 0, 0
158, 18, 0, 4.24001e-005, 4.16383e-005, 7.77849e-006, 1, 1.99971, -3.08374e-006, 0.000102434, 8, 0.945646, 0, 0
168, 18, 0, 4.9371e-005, -1.96951e-006, 1.3133e-005, 1, 1.99984, -1.5236e-005, 4.21859e-005, 9, 0.931499, 0, 0
178, 18, 0, -0.000596928, -0.000252498, -0.000101099, 1, 1.99938, -0.000128716, -0.000146703, 4, 0.940528, 0, 0
188, 18, 0, -0.00017304, 2.87856e-005, 2.31218e-005, 0, 1.99989, 4.29954e-006, 5.78783e-006, 6, 0.904269, 0, 0
198, 18, 0, 1.68283e-005, 1.46711e-005, -8.07683e-006, 1, 1.99999, -4.3408e-006, 5.77555e-006, 5, 0.879503, 0, 0
208, 18, 0, 0, 0, 0, 2, 2, 0, 0, 0, 0.966557, 0, 0
218, 18, 0, 5.34606e-005, -3.12378e-005, 2.22915e-005, 0, 1.99994, -3.48942e-005, -8.22252e-006, 7, 0.83079, 0, 0
228, 18, 0, 0.000105195, 3.17168e-005, 8.42739e-006, 0, 2.00001, 1.65194e-005, -1.34784e-006, 6, 0.787321, 0, 0
18, 28, 0, 0.000591699, 0.000166225, 6.89463e-006, 1, 2.00049, 6.33868e-005, -1.92233e-005, 11, 0.947891, 0, 0
28, 28, 0, 0, 0, 0, 2, 2, 0, 0, 0, 0.983855, 0, 0
38, 28, 0, 0, 0, 0, 2, 2, 0, 0, 0, 0.994061, 0, 0
48, 28, 0, -2.39126e-005, -7.40442e-006, -1.01524e-005, 1, 1.99991, -1.47458e-005, -9.10944e-006, 6, 0.940017, 0, 0
58, 28, 0, -1.66834e-005, 2.38441e-006, 8.30968e-006, 1, 1.99991, 1.75256e-005, -4.76035e-006, 4, 0.90782, 0, 0
68, 28, 0, 0, 0, 0, 2, 2, 0, 0, 0, 0.928585, 0, 0
78, 28, 0, 0, 0, 0, 2, 2, 0, 0, 0, 0.943988, 0, 0
88, 28, 0, 0, 0, 0, 2, 2, 0, 0, 0, 0.905954, 0, 0
98, 28, 0, 0.000254414, -0.000127384, -4.98783e-005, 1, 1.99998, 0.000129549, -0.000184872, 6, 0.906202, 0, 0
108, 28, 0, 0.000137488, -5.25801e-005, -1.22655e-005, 1, 2.00016, -2.58171e-005, 5.8369e-005, 6, 0.930194, 0, 0
118, 28, 0, 0, 0, 0, 2, 2, 0, 0, 0, 0.980264, 0, 0
128, 28, 0, -1.64781e-005, -1.77696e-005, -8.59398e-006, 0, 1.99993, -1.70395e-005, 1.67793e-005, 7, 0.882593, 0, 0
138, 28, 0, -4.85638e-005, 6.11558e-005, 1.86287e-005, 1, 2, 2.42643e-005, 1.77698e-005, 5, 0.886806, 0, 0
148, 28, 0, 0, 0, 0, 2, 2, 0, 0, 0, 0.980607, 0, 0
158, 28, 0, -4.40651e-005, 4.9538e-005, -1.32306e-005, 1, 1.99997, 8.68048e-006, -2.90246e-005, 5, 0.809642, 0, 0
168, 28, 0, 0.000206368, 2.5515e-005, 1.82599e-005, 1, 1.99994, -7.25542e-006, -2.3367e-005, 4, 0.84693, 0, 0
178, 28, 0, -0.000250758, 0.00037346, -0.00017281, 1, 2.00151, 1.16423e-005, 2.26532e-005, 12, 0.95764, 0, 0
188, 28, 0, 0, 0, 0, 2, 2, 0, 0, 0, 0.988282, 0, 0
198, 28, 0, -0.000417029, 0.000291387, -2.20225e-005, 1, 2, -7.13237e-005, 2.34574e-005, 13, 0.923349, 0, 0
208, 28, -1, -4.90013e-005, -2.85138e-005, 2.82913e-005, 0, 1.99985, 1.19788e-005, 1.69754e-005, 9, 0.929143, 0, 0
218, 28, 0, 0, 0, 0, 2, 2, 0, 0, 0, 0.928266, 0, 0
228, 28, 0, 0.000121305, 4.25058e-005, -2.12011e-005, 1, 1.99991, -9.53681e-006, 4.57676e-006, 8, 0.897416, 0, 0
18, 38, 0, -2.36145e-005, -1.2203e-005, 4.26651e-006, 1, 2, -3.38413e-006, -8.39844e-006, 3, 0.924167, 0, 0
28, 38, 0, -0.000859448, 0.000192478, 2.96012e-005, 0, 1.99917, -5.77191e-005, 2.71254e-005, 19, 0.844777, 0, 0
38, 38, 0, 0.000332972, 0.000116135, 8.81469e-005, 0, 1.99843, -5.25613e-005, 0.000217905, 20, 0.937346, 0, 0
48, 38, 0, 1.74206e-005, -4.01334e-005, 5.82993e-005, 0, 1.99959, 8.74036e-005, 5.40445e-005, 14, 0.923134, 0, 0
58, 38, 0, -9.69561e-005, -1.46372e-005, -6.2462e-007, 1, 1.99985, -9.63946e-006, -3.00205e-005, 6, 0.903516, 0, 0
68, 38, 0, 4.17213e-005, 1.18752e-005, 9.74795e-006, 1, 2, 7.58156e-006, -1.2196e-006, 4, 0.820674, 0, 0
78, 38, 0, 0, 0, 0, 2, 2, 0, 0, 0, 0.89775, 0, 0
88, 38, 0, 0.000142624, 3.12878e-006, 3.5404e-006, 1, 2.00003, 1.50498e-006, 4.19579e-005, 7, 0.822373, 0, 0
98, 38, 0, -2.64348e-005, -5.13895e-005, 3.42335e-005, 0, 1.99991, -3.19547e-005, 0.00013516, 14, 0.914104, 0, 0
108, 38, 0, -7.155e-005, 9.71585e-006, 6.04359e-006, 1, 1.99991, 2.67891e-005, -2.60289e-006, 7, 0.944126, 0, 0
118, 38, 0, -5.31883e-006, -8.63771e-006, -4.18742e-006, 1, 2, -1.29201e-006, -9.58182e-006, 3, 0.912352, 0, 0
128, 38, 0, 0, 0, 0, 2, 2, 0, 0, 0, 0.94232, 0, 0
138, 38, 0, 0, 0, 0, 2, 2, 0, 0, 0, 0.893816, 0, 0
148, 38, 0, -1.24811e-005, -1.99699e-005, -1.48027e-006, 1, 1.99999, -4.64052e-006, -7.03706e-006, 4, 0.878049, 0, 0
158, 38, 0, 0, 0, 0, 2, 2, 0, 0, 0, 0.919078, 0, 0
168, 38, 0, 0, 0, 0, 2, 2, 0, 0, 0, 0.979025, 0, 0
178, 38, 0, 0, 0, 0, 2, 2, 0, 0, 0, 0.958587, 0, 0
188, 38, 0, 0, 0, 0, 2, 2, 0, 0, 0, 0.968544, 0, 0
198, 38, 0, 0, 0, 0, 2, 2, 0, 0, 0, 0.972895, 0, 0
208, 38, 0, -7.64741e-006, -5.76578e-006, -7.8122e-007, 1, 1.99995, -2.5995e-006, -7.87991e-006, 5, 0.907554, 0, 0
218, 38, 0, -3.23851e-005, -0.000108823, -4.30108e-005, 1, 1.9999, -1.45572e-005, -1.33544e-005, 7, 0.921675, 0, 0
228, 38, 0, -0.000201931, 6.81829e-005, -2.64742e-005, 1, 1.99988, 1.72963e-006, 3.13681e-005, 7, 0.908941, 0, 0
18, 48, 0, -0.000140599, -3.16827e-005, -1.10543e-005, 1, 1.99994, -1.5597e-005, 4.79063e-005, 5, 0.903322, 0, 0
28, 48, 0, -0.000212972, 7.72211e-005, 5.17131e-005, 1, 1.99987, 1.00535e-005, 5.07264e-005, 11, 0.939176, 0, 0
38, 48, 0, -0.000290994, -0.000100242, -1.54788e-005, 1, 1.9999, 2.42924e-006, 5.43026e-005, 8, 0.918501, 0, 0
48, 48, 0, 0.000313732, 0.000243295, 5.35161e-005, 1, 2.00029, 5.73268e-005, 6.653e-005, 12, 0.928101, 0, 0
58, 48, 0, 0, 0, 0, 2, 2, 0, 0, 0, 0.981307, 0, 0
68, 48, 0, 0, 0, 0, 2, 2, 0, 0, 0, 0.967978, 0, 0
78, 48, 0, 0, 0, 0, 2, 2, 0, 0, 0, 0.966152, 0, 0
88, 48, 0, 0, 0, 0, 2, 2, 0, 0, 0, 0.94769, 0, 0
98, 48, 0, -2.55042e-006, -1.87337e-005, 3.71784e-006, 1, 1.99997, -2.82256e-005, -4.11475e-005, 7, 0.870086, 0, 0
108, 48, 0, -7.37374e-005, -9.95846e-006, 8.85584e-007, 1, 1.99995, 1.08835e-005, -2.33587e-005, 4, 0.839378, 0, 0
118, 48, 0, 4.45712e-005, -1.87569e-005, 3.1706e-006, 1, 1.99992, -2.53145e-005, -3.19955e-006, 4, 0.897109, 0, 0
128, 48, 0, -0.00040962, -2.12522e-005, 3.35892e-005, 0, 1.9997, 2.05267e-005, 7.02042e-005, 9, 0.941674, 0, 0
138, 48, 0, -2.50874e-006, 0.000103905, 6.42122e-005, 1, 1.99976, 1.36672e-005, 0.0002331, 11, 0.938026, 0, 0
148, 48, 0, 0, 0, 0, 2, 2, 0, 0, 0, 0.949063, 0, 0
158, 48, 0, 0, 0, 0, 2, 2, 0, 0, 0, 0.953352, 0, 0
168, 48, 0, 9.98936e-005, -1.33909e-005, 1.055e-005, 1, 1.99984, -7.33966e-006, -2.79669e-005, 6, 0.755196, 0, 0
178, 48, 0, -4.38736e-005, -1.4628e-005, -6.87259e-005, 1, 2.00019, -3.25907e-005, 3.60709e-005, 7, 0.875346, 0, 0
188, 48, 0, -0.00294217, -0.000261019, -0.000592017, 0, 1.99785, -0.000690186, 0.00131079, 20, 0.904182, 0, 0
198, 48, 0, 0.0097451, 0.00471984, 0.00213931, 0, 1.99791, 0.00317256, 0.00362299, 20, 0.945799, 0, 0
208, 48, 0, 0, 0, 0, 2, 2, 0, 0, 0, 0.92973, 0, 0
218, 48, 0, -7.31782e-005, 1.85248e-005, 1.67977e-006, 0, 2.00014, 5.09785e-006, 5.94385e-005, 4, 0.790003, 0, 0
228, 48, 0, -1.25256e-005, 1.29801e-005, -2.683e-005, 1, 1.99987, -1.56567e-006, 3.77323e-005, 8, 0.895691, 0, 0
18, 58, 0, 0.00029416, 1.54052e-005, 1.63564e-005, 1, 1.99999, 4.55554e-005, 4.46906e-005, 7, 0.935107, 0, 0
28, 58, 0, 0, 0, 0, 2, 2, 0, 0, 0, 0.991336, 0, 0
38, 58, 0, 0, 0, 0, 2, 2, 0, 0, 0, 0.984268, 0, 0
48, 58, 0, -0.000166469, 9.26046e-006, 1.97902e-005, 1, 1.99992, -4.74388e-006, 2.01693e-005, 7, 0.890789, 0, 0
58, 58, 0, -6.82e-005, 5.60261e-006, 2.01345e-005, 1, 2, 4.75538e-006, -2.69299e-005, 4, 0.847565, 0, 0
68, 58, 0, -0.00011489, -5.20237e-005, 1.08109e-005, 1, 1.99993, -1.67586e-006, 8.72681e-006, 5, 0.922732, 0, 0
78, 58, 0, -0.000194861, -8.52325e-005, 4.10727e-006, 1, 1.99999, 6.25488e-006, 2.82369e-005, 8, 0.933323, 0, 0
88, 58, 0, -0.000320604, 5.0846e-005, 1.51784e-005, 1, 2.00006, 8.27355e-006, 4.69552e-007, 8, 0.964565, 0, 0
98, 58, 0, 0, 0, 0, 2, 2, 0, 0, 0, 0.967121, 0, 0
108, 58, 0, 0, 0, 0, 2, 2, 0, 0, 0, 0.973191, 0, 0
118, 58, 0, 0, 0, 0, 2, 2, 0, 0, 0, 0.979237, 0, 0
128, 58, 0, 3.18105e-005, -4.93181e-006, -2.92e-005, 0, 1.99969, -5.60103e-005, 8.04358e-006, 8, 0.90832, 0, 0
138, 58, 0, -0.000241383, -3.6648e-005, 1.82334e-006, 0, 1.99931, 3.40991e-005, 4.37904e-005, 13, 0.961354, 0, 0
148, 58, 0, -0.000360375, 0.000150005, -0.000103303, 0, 1.99961, -6.33463e-007, 9.76578e-005, 16, 0.886304, 0, 0
158, 58, 0, 6.228e-005, 1.87158e-006, 5.19277e-006, 0, 1.99985, 2.05034e-005, -3.66326e-005, 7, 0.876273, 0, 0
168, 58, 0, -5.49019e-006, -2.80579e-005, 1.28109e-005, 1, 2.00001, 1.12649e-005, -5.03527e-005, 7, 0.929107, 0, 0
178, 58, 0, -7.12843e-005, 9.82378e-006, 1.30732e-005, 1, 1.9999, -2.48137e-005, -6.01762e-005, 8, 0.930801, 0, 0
188, 58, 0, 0.000112223, 5.40132e-005, -8.3009e-005, 1, 1.99987, -3.22755e-005, 2.85509e-005, 8, 0.878623, 0, 0
198, 58, 0, 0.000104741, -3.80861e-005, -1.35403e-005, 0, 1.99963, 6.35666e-005, -0.000105005, 13, 0.913085, 0, 0
208, 58, 0, 0, 0, 0, 2, 2, 0, 0, 0, 0.989868, 0, 0
218, 58, 0, 0, 0, 0, 2, 2, 0, 0, 0, 0.946838, 0, 0
228, 58, 0, 3.93311e-005, 3.63816e-006, -1.10526e-005, 1, 1.99994, 4.20563e-006, -5.13656e-006, 5, 0.88781, 0, 0
18, 68, 0, -0.000207856, 1.92716e-005, 0.00013411, 0, 2.00014, 5.11511e-005, -4.50149e-005, 12, 0.865632, 0, 0
28, 68, 0, -2.31862e-005, -8.7745e-006, -8.6561e-006, 1, 2.00004, -9.37944e-006, 1.06795e-005, 3, 0.877303, 0, 0
38, 68, 0, -0.000479241, 6.92646e-005, -0.000146683, 1, 2, -2.91509e-005, 0.000141837, 17, 0.86324, 0, 0
48, 68, 0, 0.0003597, -4.33339e-005, 3.99361e-005, 1, 1.99994, 8.39767e-006, -4.81897e-006, 9, 0.925578, 0, 0
58, 68, 0, -7.5171e-005, 1.75985e-005, -2.88034e-005, 1, 1.99982, -3.48328e-005, 1.00814e-005, 7, 0.848213, 0, 0
68, 68, 0, 0.000152176, 3.39146e-005, 1.52713e-005, 0, 1.99994, 2.65567e-005, -6.3352e-006, 9, 0.849201, 0, 0
78, 68, 0, 8.62837e-005, -3.64317e-005, 2.37224e-005, 1, 2.00005, 1.26511e-006, 1.19727e-006, 6, 0.767106, 0, 0
88, 68, 0, 0.000103566, -1.1521e-005, -3.56933e-005, 1, 1.99981, -2.67238e-005, -6.28804e-006, 6, 0.877953, 0, 0
98, 68, 0, 5.8025e-006, -3.13112e-007, -1.54587e-006, 0, 2.00004, -3.97028e-005, 2.46061e-005, 8, 0.853457, 0, 0
108, 68, 0, 0.000562976, 9.11328e-005, -2.19544e-005, 0, 1.99983, 8.04998e-005, 4.19797e-005, 10, 0.934634, 0, 0
118, 68, 0, 0.000423056, 0.000933625, -1.73333e-005, 1, 1.99995, 9.06754e-005, 0.000657386, 20, 0.910021, 0, 0
128, 68, 0, 0, 0, 0, 2, 2, 0, 0, 0, 0.916206, 0, 0
138, 68, 0, 0, 0, 0, 2, 2, 0, 0, 0, 0.958322, 0, 0
148, 68, 0, 0.000410012, -1.37354e-005, -4.80078e-005, 1, 1.99986, -3.2586e-005, -5.7072e-005, 7, 0.917823, 0, 0
158, 68, 0, 0, 0, 0, 2, 2, 0, 0, 0, 0.930257, 0, 0
168, 68, 0, -1.32336e-005, -8.90757e-006, -1.01458e-005, 1, 1.99993, -1.12348e-005, 4.42353e-005, 8, 0.930041, 0, 0
178, 68, 0, 0.00401454, 0.000592544, 0.000665989, 1, 2.00317, 0.000499088, 0.00119472, 20, 0.936867, 0, 0
188, 68, 0, 0.000156316, -3.77518e-005, -1.13782e-006, 1, 1.99996, 1.49477e-006, -3.41946e-006, 7, 0.928647, 0, 0
198, 68, 0, -1.20694e-005, 4.10724e-006, 6.97297e-006, 1, 1.99995, -4.24157e-006, -2.73453e-005, 4, 0.957211, 0, 0
208, 68, 0, -4.87864e-005, 3.05767e-006, 4.40388e-006, 1, 2.00001, -1.12993e-006, 1.13875e-005, 3, 0.958762, 0, 0
218, 68, 0, 1.89756e-005, -3.19987e-006, -6.49887e-006, 1, 1.99996, -9.85193e-006, -2.81309e-005, 5, 0.874029, 0, 0
228, 68, 0, 0, 0, 0, 2, 2, 0, 0, 0, 0.918602, 0, 0
18, 78, 0, 0.00020313, -2.05417e-005, 1.2786e-005, 1, 1.99995, 1.61446e-005, -7.71008e-006, 6, 0.917797, 0, 0
28, 78, 0, 0, 0, 0, 2, 2, 0, 0, 0, 0.914005, 0, 0
38, 78, 0, -6.34582e-005, -0.000162294, -3.51613e-005, 1, 1.9998, 2.79553e-005, 2.58154e-005, 8, 0.908063, 0, 0
48, 78, 0, -0.000530982, 2.42924e-005, 0.00010304, 1, 1.99995, 3.74862e-005, 6.78462e-005, 10, 0.881166, 0, 0
58, 78, 0, 0, 0, 0, 2, 2, 0, 0, 0, 0.924695, 0, 0
68, 78, 0, 0, 0, 0, 2, 2, 0, 0, 0, 0.952621, 0, 0
78, 78, 0, 0, 0, 0, 2, 2, 0, 0, 0, 0.937813, 0, 0
88, 78, 0, 9.79968e-006, 1.70815e-005, 2.16858e-006, 0, 1.99972, -1.0625e-005, -5.24478e-005, 8, 0.832315, 0, 0
98, 78, 0, 4.82974e-005, 1.43818e-005, 2.50601e-005, 0, 1.99986, 2.82767e-005, 4.86515e-006, 7, 0.899893, 0, 0
108, 78, 0, 0.000151876, 5.76241e-005, -1.50294e-005, 1, 1.99995, -7.72909e-006, -4.18102e-006, 7, 0.94699, 0, 0
118, 78, 0, 0, 0, 0, 2, 2, 0, 0, 0, 0.894032, 0, 0
128, 78, 0, 0, 0, 0, 2, 2, 0, 0, 0, 0.941772, 0, 0
138, 78, 0, 0, 0, 0, 2, 2, 0, 0, 0, 0.946518, 0, 0
148, 78, 0, -1.61905e-005, 2.84947e-005, -5.17693e-006, 0, 1.99991, -2.46981e-005, 3.86869e-005, 6, 0.882868, 0, 0
158, 78, 0, 0.000181918, 3.43721e-005, -2.07646e-006, 1, 1.99995, 1.76193e-005, 4.23198e-005, 8, 0.876788, 0, 0
168, 78, 0, -1.27746e-005, -1.68559e-005, -3.12064e-005, 0, 1.99984, -1.13784e-005, 1.36283e-005, 8, 0.894338, 0, 0
178, 78, 0, 0.000284076, 0.00012636, 2.38279e-005, 0, 1.99918, -1.69845e-005, 5.25208e-005, 14, 0.959953, 0, 0
188, 78, 0, -6.01615e-005, 2.8836e-005, -4.76945e-005, 0, 2.00009, -4.48462e-005, -1.23397e-006, 6, 0.758052, 0, 0
198, 78, 0, 2.37243e-005, -1.9996e-005, 4.07164e-006, 1, 2.00002, 5.92218e-006, 4.58991e-007, 3, 0.771709, 0, 0
208, 78, 0, -4.77012e-005, 7.17006e-006, 3.00153e-006, 1, 1.99997, 5.75759e-006, -1.05824e-006, 3, 0.938348, 0, 0
218, 78, 0, -5.15055e-006, 4.91889e-006, -6.87093e-006, 1, 1.99998, -1.27252e-005, -4.52991e-006, 3, 0.924965, 0, 0
228, 78, 0, 3.68464e-006, 7.47124e-005, 2.92682e-005, 1, 2.00008, 4.1576e-005, -5.52517e-005, 9, 0.881459, 0, 0
18, 88, 0, -4.59879e-005, -8.13912e-005, 9.02447e-005, 0, 1.99967, 0.000525993, -0.000946359, 20, 0.918755, 0, 0
28, 88, 0, 0.000202109, -1.99999e-005, 5.03749e-005, 1, 1.99986, 3.31827e-005, -4.14627e-005, 7, 0.846522, 0, 0
38, 88, 0, 2.46292e-005, 7.54208e-006, -4.67802e-006, 1, 2, -3.54577e-006, 1.10669e-006, 5, 0.887433, 0, 0
48, 88, 0, -7.66602e-005, -9.8401e-006, -3.02868e-005, 1, 1.99995, -6.86372e-006, 3.79289e-005, 6, 0.933363, 0, 0
58, 88, 0, 0.000455582, 2.15489e-005, 3.03226e-006, 1, 2.00003, 2.3828e-005, 0.000230062, 17, 0.919589, 0, 0
68, 88, 0, 0.00014449, 4.17019e-006, 1.37425e-005, 1, 2.00035, 2.92171e-005, 0.000149838, 11, 0.914571, 0, 0
78, 88, 0, -0.00198637, 0.000954339, -7.51689e-005, 1, 1.99705, 0.000737771, -0.00118785, 20, 0.88739, 0, 0
88, 88, 0, 0.000970183, -0.012739, 0.00144159, 1, 2.01422, 0.00352692, -0.0210641, 20, 0.778887, 0, 0
98, 88, 0, 0, 0, 0, 2, 2, 0, 0, 0, 0.956645, 0, 0
108, 88, 0, 0, 0, 0, 2, 2, 0, 0, 0, 0.978696, 0, 0
118, 88, 0, 3.1525e-005, -2.27414e-006, -7.07496e-006, 1, 1.99995, -7.40171e-006, 9.67435e-006, 5, 0.888654, 0, 0
128, 88, 0, -0.00019375, 2.75429e-005, 4.57379e-005, 0, 1.99976, -1.86294e-005, -1.93223e-005, 8, 0.874204, 0, 0
138, 88, 0, -0.0003004, -9.35436e-005, 8.20961e-005, 0, 1.99922, 5.49939e-005, -0.000167837, 15, 0.799725, 0, 0
148, 88, 0, -4.00463e-005, -8.45211e-006, -1.28185e-005, 0, 1.99992, -1.02152e-005, 3.64772e-006, 6, 0.905447, 0, 0
158, 88, 0, 1.20836e-005, 2.40941e-005, 1.41906e-005, 0, 2, 1.33139e-005, 9.91195e-006, 9, 0.916145, 0, 0
168, 88, 0, 0.000193488, -2.73398e-005, -5.20831e-006, 0, 1.99984, 3.27347e-007, -8.07942e-005, 9, 0.906922, 0, 0
178, 88, 0, -0.0064314, -0.00267927, 0.000494012, 0, 1.99728, 0.000918162, -0.00198928, 20, 0.8755, 0, 0
188, 88, 0, -0.000641281, 0.000143202, -9.07037e-007, 0, 1.99893, -0.000172813, -0.000152584, 14, 0.904527, 0, 0
198, 88, 0, 0.000173719, -7.18928e-005, -6.47241e-006, 1, 1.99973, 2.36535e-005, -4.62191e-005, 10, 0.923863, 0, 0
208, 88, 0, 0, 0, 0, 2, 2, 0, 0, 0, 0.955904, 0, 0
218, 88, 0, 0, 0, 0, 2, 2, 0, 0, 0, 0.965452, 0, 0
228, 88, 0, 0, 0, 0, 2, 2, 0, 0, 0, 0.975365, 0, 0
18, 98, 0, 0.000136637, -7.91593e-005, 3.24099e-005, 1, 1.99921, -9.02755e-005, 2.39197e-005, 11, 0.957856, 0, 0
28, 98, 0, -0.00117135, -0.000245806, 0.000203624, 0, 1.99861, 0.000269609, -0.000297062, 20, 0.860738, 0, 0
38, 98, 0, -0.000259704, 0.000102859, -7.7638e-005, 0, 1.99989, -7.98493e-005, 1.01327e-005, 15, 0.906342, 0, 0
48, 98, 0, 0.000265794, 4.84963e-005, -2.5702e-005, 0, 1.99962, 2.56163e-005, -7.97253e-006, 11, 0.917674, 0, 0
58, 98, 0, 0, 0, 0, 2, 2, 0, 0, 0, 0.976166, 0, 0
68, 98, 0, 0, 0, 0, 2, 2, 0, 0, 0, 0.946928, 0, 0
78, 98, 0, -9.68136e-006, -6.68611e-006, -1.49781e-005, 1, 2, 4.26746e-006, 4.18446e-005, 9, 0.883238, 0, 0
88, 98, 0, 0.000145918, -1.37097e-005, 3.87526e-005, 1, 1.99989, -1.4804e-005, 4.16775e-005, 9, 0.911755, 0, 0
98, 98, 0, 0.000119202, 2.07824e-005, -1.84849e-006, 1, 1.99992, -4.6591e-005, 2.71364e-005, 8, 0.949012, 0, 0
108, 98, 0, 2.16282e-005, 8.89873e-005, -3.48295e-005, 1, 2, -6.33382e-005, -6.54267e-005, 8, 0.869399, 0, 0
118, 98, 0, 0, 0, 0, 2, 2, 0, 0, 0, 0.943308, 0, 0
128, 98, 0, 0, 0, 0, 2, 2, 0, 0, 0, 0.92177, 0, 0
138, 98, 0, 0, 0, 0, 2, 2, 0, 0, 0, 0.969787, 0, 0
148, 98, 0, 0, 0, 0, 2, 2, 0, 0, 0, 0.967737, 0, 0
158, 98, 0, 6.37418e-005, 2.9264e-005, -4.14252e-005, 1, 1.99986, 5.96712e-006, -5.14176e-005, 7, 0.920361, 0, 0
168, 98, 0, -4.15992e-006, -4.17563e-006, 2.7284e-005, 1, 1.99983, 2.34414e-005, -5.696e-005, 6, 0.88301, 0, 0
178, 98, 0, 0.00386003, -0.000179043, -0.000400153, 0, 2.00185, -1.76189e-005, -0.00162172, 20, 0.780406, 0, 0
188, 98, 0, 0.00883431, 0.000445111, -0.000390268, 0, 2.00588, 0.000469041, -0.00296114, 20, 0.909893, 0, 0
198, 98, 0, -5.55755e-005, 1.16474e-005, -1.20129e-005, 0, 1.99997, -1.14969e-005, 1.62005e-005, 8, 0.817003, 0, 0
208, 98, 0, -0.000135282, -3.04211e-005, -1.6012e-005, 0, 1.99986, 3.05244e-006, 1.58809e-006, 6, 0.83563, 0, 0
218, 98, 0, -0.00479685, 0.000640566, 6.86031e-005, 0, 1.99903, -0.00028319, 0.0032554, 20, 0.929962, 0, 0
228, 98, 0, -0.0641272, -0.00825822, 0.00716492, 0, 1.94762, -0.000483288, 0.0412906, 20, 0.916447, 0, 0
18, 108, 0, 2.23837e-005, -2.66391e-007, 1.37454e-005, 0, 1.99997, 2.69273e-005, 6.09711e-006, 6, 0.841045, 0, 0
28, 108, 1, 5.59391e-005, 1.40936e-005, -5.86108e-006, 0, 1.99974, -2.70723e-006, 2.26384e-005, 7, 0.915194, 0, 0
38, 108, 0, -9.39023e-005, 6.92687e-005, 6.15094e-005, 0, 2.00009, 5.75313e-005, 0.00010019, 12, 0.855824, 0, 0
48, 108, 0, 0, 0, 0, 2, 2, 0, 0, 0, 0.949107, 0, 0
58, 108, 0, 3.10999e-005, 4.44061e-005, -1.68202e-005, 1, 2.00001, -3.35973e-007, -4.15552e-005, 5, 0.871523, 0, 0
68, 108, 0, 1.3119e-005, -1.07328e-005, -1.84973e-005, 0, 1.99987, -1.51406e-005, -1.16157e-005, 7, 0.84306, 0, 0
78, 108, 0, 0.000200696, 5.18808e-005, -5.07468e-006, 0, 1.99949, -1.91615e-005, 4.09629e-005, 12, 0.931071, 0, 0
88, 108, 0, -0.000423158, -7.18182e-006, 3.31858e-005, 0, 1.99976, 8.4283e-005, 1.37519e-005, 11, 0.945239, 0, 0
98, 108, 0, -0.000149098, 7.06316e-005, -9.17937e-005, 1, 1.99979, -7.18005e-005, -3.83077e-005, 8, 0.915053, 0, 0
108, 108, 0, 0, 0, 0, 2, 2, 0, 0, 0, 0.95829, 0, 0
118, 108, 0, 7.22508e-005, 6.6705e-005, 3.81055e-005, 1, 1.9997, -3.9426e-005, -5.21178e-005, 8, 0.92947, 0, 0
128, 108, 0, 0.000662506, 5.8572e-005, -9.39925e-005, 1, 1.99961, 2.11614e-005, 0.000235497, 12, 0.867878, 0, 0
138, 108, 0, 0.000327071, 2.78006e-005, 7.57645e-006, 0, 1.99988, 3.77573e-005, 0.000153947, 15, 0.806365, 0, 0
148, 108, 0, 7.31232e-006, -1.06839e-006, -1.67466e-006, 1, 1.99999, 1.71277e-006, 5.31827e-006, 3, 0.850543, 0, 0
158, 108, 0, -7.20135e-005, -3.58143e-005, -3.91374e-005, 1, 1.99982, -4.36147e-005, -0.000154442, 10, 0.914016, 0, 0
168, 108, 0, -7.34061e-005, -1.03654e-005, -3.82299e-005, 1, 2.00022, -2.59338e-005, 0.000116067, 8, 0.862921, 0, 0
178, 108, 0, 0, 0, 0, 2, 2, 0, 0, 0, 0.98168, 0, 0
188, 108, 0, 0, 0, 0, 2, 2, 0, 0, 0, 0.995991, 0, 0
198, 108, 0, 2.88209e-005, -4.76883e-006, -1.04953e-005, 1, 1.99997, -2.34416e-006, 8.79488e-007, 4, 0.83272, 0, 0
208, 108, 0, 6.53435e-005, 1.48015e-005, -5.77888e-006, 0, 1.99993, -1.13479e-005, -7.23046e-006, 7, 0.872943, 0, 0
218, 108, 0, -5.31042e-005, -1.92316e-005, 1.82501e-005, 0, 1.99961, 4.77031e-005, 6.83203e-005, 12, 0.922736, 0, 0
228, 108, 0, -6.47714e-005, 2.08871e-005, 1.31883e-008, 0, 1.99957, -1.33782e-005, 0.000109121, 14, 0.93042, 0, 0
18, 118, 0, 0, 0, 0, 2, 2, 0, 0, 0, 0.970199, 0, 0
28, 118, 0, 0, 0, 0, 2, 2, 0, 0, 0, 0.913454, 0, 0
38, 118, 0, -0.000185724, 1.37512e-005, -1.21154e-005, 1, 2.00011, -2.31041e-005, 3.09336e-005, 5, 0.949328, 0, 0
48, 118, 0, 0.000175038, -6.12419e-006, -3.27736e-005, 1, 1.9999, -2.84608e-005, 5.34779e-005, 7, 0.909381, 0, 0
58, 118, 0, 3.3313e-006, -1.46515e-005, 3.71125e-006, 1, 1.99971, -9.48186e-006, 1.27823e-005, 5, 0.911717, 0, 0
68, 118, 0, 4.59349e-005, -2.84611e-005, 1.8265e-005, 1, 1.99992, 1.42077e-005, 1.39894e-005, 7, 0.841046, 0, 0
78, 118, 0, -0.000125601, 3.77144e-005, -1.86617e-005, 0, 1.99986, -1.60724e-005, 1.75643e-006, 8, 0.778335, 0, 0
88, 118, 0, 3.81812e-005, -4.13468e-005, 1.46536e-005, 0, 1.99987, 2.31377e-005, -1.51857e-005, 10, 0.819103, 0, 0
98, 118, 0, 0, 0, 0, 2, 2, 0, 0, 0, 0.956786, 0, 0
108, 118, 0, 0, 0, 0, 2, 2, 0, 0, 0, 0.877256, 0, 0
118, 118, 0, 0, 0, 0, 2, 2, 0, 0, 0, 0.876826, 0, 0
128, 118, 0, 0, 0, 0, 2, 2, 0, 0, 0, 0.974517, 0, 0
138, 118, 0, 0, 0, 0, 2, 2, 0, 0, 0, 0.928737, 0, 0
148, 118, 0, -0.000643922, -0.000374023, 3.91868e-005, 1, 1.9997, -0.000109822, 0.000116194, 16, 0.941458, 0, 0
158, 118, 0, -0.00199368, 0.0011006, 0.000186103, 1, 1.99863, 0.000447978, 0.000777507, 20, 0.917233, 0, 0
168, 118, 0, 0.000303442, -1.87004e-005, -5.00449e-005, 1, 1.99986, -6.43423e-005, 8.58375e-005, 9, 0.899291, 0, 0
178, 118, 0, 0.000404644, -6.0835e-005, 4.82581e-005, 0, 1.99973, 2.7975e-005, 0.000111683, 16, 0.894514, 0, 0
188, 118, 0, -1.95323e-005, -1.69285e-005, 1.45482e-005, 1, 2.00002, 1.99713e-005, 8.65358e-005, 11, 0.89837, 0, 0
198, 118, 0, 0, 0, 0, 2, 2, 0, 0, 0, 0.935536, 0, 0
208, 118, 0, -6.37306e-005, 2.71201e-005, -1.06168e-005, 1, 1.99995, -7.69721e-006, 1.6409e-005, 7, 0.813506, 0, 0
218, 118, 0, 0.000435336, 0.000190373, 0.000167646, 0, 2.00026, 0.000104037, 3.18932e-005, 10, 0.859456, 0, 0
228, 118, 0, 0.000552809, 6.09031e-006, 0.000179643, 1, 1.99984, -3.34099e-005, -2.83265e-005, 9, 0.904679, 0, 0
18, 128, 0, -1.42175e-005, 2.4186e-006, -5.62574e-006, 1, 1.99998, -5.32465e-006, 3.31746e-007, 5, 0.936877, 0, 0
28, 128, 0, -0.000330802, -7.29674e-005, -1.81282e-006, 0, 1.99986, 8.43516e-006, 1.58888e-005, 9, 0.892511, 0, 0
38, 128, 0, 3.05733e-005, -5.43164e-006, -7.29603e-006, 0, 1.99996, 6.78245e-007, 1.46087e-005, 7, 0.913505, 0, 0
48, 128, 1, -4.53892e-006, -8.79941e-008, -5.28776e-006, 0, 1.99997, 8.94668e-007, 1.98732e-005, 6, 0.899357, 0, 0
58, 128, 0, 1.39791e-005, 3.74435e-005, -5.88632e-006, 0, 1.9999, -9.36677e-007, -2.70626e-005, 9, 0.898926, 0, 0
68, 128, 0, 0.000820519, -3.103e-006, 0.000202626, 0, 1.99991, 5.03202e-005, 4.23229e-005, 14, 0.801536, 0, 0
78, 128, 0, 0, 0, 0, 2, 2, 0, 0, 0, 0.900314, 0, 0
88, 128, 0, 1.18538e-005, -2.62394e-005, -6.28782e-006, 1, 1.99998, -2.33813e-006, 7.99282e-006, 6, 0.902675, 0, 0
98, 128, 0, 0.000147007, 0.000220076, 8.90659e-005, 1, 1.99987, 0.000133541, 0.000151577, 15, 0.939025, 0, 0
108, 128, 0, 0, 0, 0, 2, 2, 0, 0, 0, 0.953325, 0, 0
118, 128, 0, 0, 0, 0, 2, 2, 0, 0, 0, 0.951968, 0, 0
128, 128, 0, 0.000129116, -3.26016e-005, 3.29335e-006, 1, 1.99994, 2.05035e-005, 5.75854e-005, 10, 0.876667, 0, 0
138, 128, 0, -4.96206e-005, 8.88297e-005, -5.47096e-005, 1, 2.00009, 5.23142e-006, 0.000100674, 13, 0.889677, 0, 0
148, 128, 0, -0.000230442, -7.58083e-005, -4.27422e-005, 1, 1.99989, -4.21045e-006, -5.70522e-005, 11, 0.94697, 0, 0
158, 128, 0, 0, 0, 0, 2, 2, 0, 0, 0, 0.960898, 0, 0
168, 128, 0, -2.99302e-005, 0.000115401, -3.90452e-005, 1, 1.99978, 3.48696e-005, 2.14886e-005, 10, 0.911524, 0, 0
178, 128, 0, -2.11622e-007, 6.0107e-006, 4.49613e-005, 1, 1.99993, 1.19877e-005, 9.27067e-006, 6, 0.88849, 0, 0
188, 128, 0, 1.85355e-005, 3.69322e-006, 3.90326e-006, 1, 2, -3.57288e-006, 8.28258e-006, 5, 0.882095, 0, 0
198, 128, 0, 0, 0, 0, 2, 2, 0, 0, 0, 0.881609, 0, 0
208, 128, 0, 0, 0, 0, 2, 2, 0, 0, 0, 0.976837, 0, 0
218, 128, 0, 0.000452398, 0.000131523, -3.14627e-005, 2, 2.0005, 0.000121368, -3.0081e-005, 1, 0.981681, 0, 0
228, 128, 0, -0.00490085, 0.00254852, 0.000971993, 0, 1.99782, 0.000353812, 0.00173088, 20, 0.81529, 0, 0
18, 138, 0, -5.94907e-005, 6.64049e-006, -1.43796e-006, 1, 2, -1.30498e-006, 2.09411e-005, 6, 0.825557, 0, 0
28, 138, 0, 2.95591e-005, 3.47414e-005, -1.04431e-005, 1, 1.99994, 5.32549e-006, 1.8858e-005, 6, 0.818763, 0, 0
38, 138, 0, 3.42562e-006, 6.12191e-006, -3.85814e-005, 0, 1.99985, -3.70639e-005, 4.70803e-005, 8, 0.893606, 0, 0
48, 138, 1, 0.000251377, 5.43528e-006, 2.76701e-006, 0, 1.99954, 4.14425e-005, 4.0032e-006, 8, 0.92538, 0, 0
58, 138, 0, 0, 0, 0, 2, 2, 0, 0, 0, 0.989797, 0, 0
68, 138, 0, 0, 0, 0, 2, 2, 0, 0, 0, 0.997635, 0, 0
78, 138, 0, -3.80833e-005, -4.29732e-005, 7.54843e-006, 0, 1.99987, -1.20202e-005, -5.08176e-005, 7, 0.737493, 0, 0
88, 138, 0, -3.18072e-006, 1.79719e-006, 4.36873e-009, 1, 1.99993, 9.23268e-007, -8.11574e-006, 4, 0.77998, 0, 0
98, 138, 0, 9.44837e-005, 3.32719e-005, -3.90457e-005, 1, 1.99993, -2.86072e-007, 3.27935e-005, 7, 0.864785, 0, 0
108, 138, 0, -0.000354633, 1.62834e-005, -7.33758e-005, 1, 1.99988, -5.21378e-005, -3.22814e-005, 7, 0.900433, 0, 0
118, 138, 0, 3.97469e-005, 1.65757e-005, -5.99582e-006, 1, 1.99987, 1.62569e-005, -6.45234e-006, 7, 0.900806, 0, 0
128, 138, 0, -0.000154683, 7.72362e-005, 4.45561e-006, 1, 1.99993, -1.61912e-005, 4.10784e-005, 8, 0.831636, 0, 0
138, 138, 0, 8.34731e-005, -4.85708e-006, 5.39629e-006, 1, 1.99993, -1.52721e-006, 3.90032e-007, 4, 0.805399, 0, 0
148, 138, 0, 0.00033249, 5.59196e-005, -1.74346e-005, 1, 1.9999, -2.48369e-005, -1.8757e-005, 6, 0.825894, 0, 0
158, 138, 0, -0.000704915, -0.000391169, -0.000252009, 1, 1.99932, 5.46831e-005, -0.000140821, 16, 0.880706, 0, 0
168, 138, 0, 0, 0, 0, 2, 2, 0, 0, 0, 0.985488, 0, 0
178, 138, 0, 0, 0, 0, 2, 2, 0, 0, 0, 0.966038, 0, 0
188, 138, 0, 8.42974e-005, -6.28315e-006, -5.55907e-006, 1, 1.99991, -9.01484e-007, -7.95655e-006, 6, 0.862037, 0, 0
198, 138, 0, -0.000190229, -5.41421e-006, -4.25707e-005, 0, 2.00011, -6.88626e-005, 9.44108e-005, 12, 0.834604, 0, 0
208, 138, 0, 0.000307501, -6.21278e-005, 4.21232e-005, 0, 1.99978, -1.81203e-005, -5.41805e-006, 12, 0.926064, 0, 0
218, 138, 0, 0.000237861, 5.45038e-005, -1.09164e-005, 1, 1.99974, -0.000102699, 5.2126e-005, 9, 0.966735, 0, 0
228, 138, 0, -0.000174147, -0.000348016, 4.84372e-005, 0, 1.99882, -5.61145e-005, -0.00034078, 20, 0.939468, 0, 0
18, 148, 0, -0.000195678, -5.91516e-005, -7.51161e-005, 1, 1.99967, -5.51932e-005, -6.27008e-005, 8, 0.884926, 0, 0
28, 148, 0, 7.95588e-006, -7.10435e-006, 2.62622e-005, 0, 1.99978, 8.9015e-006, -1.09402e-005, 9, 0.919542, 0, 0
38, 148, 0, 0.000253674, 8.03208e-005, -7.05656e-005, 1, 2.00001, -1.31104e-005, -1.80763e-005, 7, 0.860065, 0, 0
48, 148, 0, -0.000128511, -1.94647e-005, 1.5771e-005, 1, 1.99995, 1.67069e-005, -4.28155e-005, 7, 0.904994, 0, 0
58, 148, 0, -0.0001048, -6.16404e-005, 7.20416e-006, 1, 2.00003, -3.78197e-007, 1.71338e-005, 9, 0.738224, 0, 0
68, 148, 0, -0.102251, 0.102314, -0.0238253, 0, 1.85625, -0.0329329, 0.0585385, 20, 0.837384, 0, 0
78, 148, 0, 0, 0, 0, 2, 2, 0, 0, 0, 0.923306, 0, 0
88, 148, 0, 4.02599e-005, -1.32074e-005, 6.00492e-006, 1, 1.99997, 3.34191e-006, -1.17938e-006, 6, 0.875863, 0, 0
98, 148, 0, 1.07039e-005, 5.23395e-006, 7.0864e-006, 1, 2, -2.28206e-006, -9.45061e-006, 3, 0.881307, 0, 0
108, 148, 0, 0.0134115, -0.000396066, -0.00113938, 0, 1.99641, -0.000946502, -0.00265111, 20, 0.772696, 0, 0
118, 148, 0, 0.0256998, -0.0412287, 0.00667915, 0, 1.89535, 0.012671, -0.0407145, 20, 0.923518, 0, 0
128, 148, 0, 7.5147e-005, -4.95693e-005, 2.26801e-006, 1, 1.99999, -2.2204e-005, -5.52611e-006, 8, 0.92819, 0, 0
138, 148, 0, 6.02282e-005, 4.40556e-005, 8.09261e-006, 1, 2.00001, 1.62077e-005, -6.14995e-006, 8, 0.803538, 0, 0
148, 148, 0, 0, 0, 0, 2, 2, 0, 0, 0, 0.950713, 0, 0
158, 148, 0, -4.64376e-005, -9.45763e-005, 2.09803e-005, 1, 1.99967, -4.48364e-005, -4.74181e-005, 9, 0.870086, 0, 0
168, 148, 0, 4.78591e-005, -4.60336e-006, -5.24538e-006, 1, 2, -6.94889e-006, 4.15123e-005, 4, 0.798079, 0, 0
178, 148, 0, -1.55356e-005, -4.32414e-006, 2.09315e-006, 1, 1.99993, -3.10357e-006, 1.79158e-005, 5, 0.829105, 0, 0
188, 148, 0, 7.14033e-006, 6.46631e-006, -4.05622e-005, 1, 2, -2.6792e-005, 9.35164e-005, 7, 0.905592, 0, 0
198, 148, 0, 9.96171e-005, -2.94521e-007, -1.02465e-005, 1, 1.9998, -4.04285e-005, 8.61699e-005, 9, 0.947953, 0, 0
208, 148, 0, 7.72087e-005, -6.8332e-006, -2.94135e-005, 0, 2.00005, -7.55238e-005, -8.40463e-005, 10, 0.915732, 0, 0
218, 148, 0, 0.000453922, 7.02219e-006, 4.63418e-005, 0, 1.99932, 0.000144726, 4.94706e-005, 14, 0.898295, 0, 0
228, 148, 0, 3.68176e-005, 4.63825e-005, 2.93997e-006, 0, 1.9998, -1.84749e-005, 7.48599e-005, 10, 0.919622, 0, 0
18, 158, 0, -0.000128352, 2.48735e-005, 5.71631e-005, 0, 1.99965, 7.9189e-005, 1.55584e-005, 10, 0.940953, 0, 0
28, 158, 0, -2.18361e-005, 1.8612e-005, 2.63147e-005, 0, 1.99921, 0.000145577, -0.00035509, 20, 0.878908, 0, 0
38, 158, 0, -0.00011209, -1.95921e-005, 3.62465e-005, 1, 1.99992, 6.32021e-006, 2.78411e-005, 5, 0.896837, 0, 0
48, 158, 0, -1.82958e-005, 3.80698e-006, -4.8365e-006, 0, 1.9998, -4.2777e-005, 3.53293e-005, 10, 0.868207, 0, 0
58, 158, 0, 0.0002964, 4.98759e-005, 2.23884e-005, 0, 1.99915, 8.92904e-005, -1.00872e-005, 14, 0.938131, 0, 0
68, 158, 0, 0.00157271, -0.00539598, -0.00263957, 0, 1.98941, 0.00062836, -0.00618361, 20, 0.84464, 0, 0
78, 158, 0, -0.000366631, -3.86899e-005, -3.27158e-005, 1, 1.99964, -0.00012471, -0.000171165, 17, 0.912894, 0, 0
88, 158, 0, 0.000171114, -1.7615e-005, -8.17292e-005, 1, 1.99931, 6.30507e-005, -8.18619e-005, 11, 0.836138, 0, 0
98, 158, 1, 0.000231731, 1.04718e-005, 2.07526e-005, 0, 1.99954, -1.01439e-005, -4.76277e-005, 10, 0.950226, 0, 0
108, 158, 0, 0.000530821, 9.8044e-005, 2.66278e-005, 0, 1.99946, 7.32079e-005, 0.000195938, 16, 0.899479, 0, 0
118, 158, 0, 0.000587249, -0.000424419, 0.000140909, 1, 1.9994, -7.72536e-005, 0.000230389, 15, 0.967786, 0, 0
128, 158, 0, 0, 0, 0, 2, 2, 0, 0, 0, 0.954945, 0, 0
138, 158, 0, 0, 0, 0, 2, 2, 0, 0, 0, 0.923415, 0, 0
148, 158, 0, 0, 0, 0, 2, 2, 0, 0, 0, 0.938643, 0, 0
158, 158, 0, -6.68943e-006, 4.47513e-006, -1.42141e-007, 1, 2.00001, 3.94699e-006, -7.02028e-006, 4, 0.918155, 0, 0
168, 158, 0, -3.20309e-006, 1.03503e-007, 2.1769e-006, 1, 2, 6.0392e-007, 5.52328e-006, 4, 0.911798, 0, 0
178, 158, 0, 0, 0, 0, 2, 2, 0, 0, 0, 0.943224, 0, 0
188, 158, 0, 0.000138522, 8.3788e-005, -8.66578e-006, 0, 1.99996, 3.22239e-005, 3.24705e-005, 9, 0.879658, 0, 0
198, 158, -1, 5.52546e-005, 7.48439e-005, -6.01834e-006, 0, 2, 1.8602e-005, -9.40888e-006, 8, 0.857729, 0, 0
208, 158, 0, 0.0013883, -0.000161668, 0.000266192, 1, 2.00101, 1.01371e-005, -0.000108628, 16, 0.812646, 0, 0
218, 158, 0, -0.019237, 0.0139777, -0.00156725, 0, 1.97966, -0.00197334, -0.000566288, 20, 0.956929, 0, 0
228, 158, 0, 0.00044958, -8.35748e-005, 0.000109626, 0, 1.99875, 5.70071e-005, -8.26882e-005, 16, 0.953861, 0, 0
18, 168, 0, 6.10122e-005, -8.1985e-005, 9.19864e-005, 1, 1.99991, 0.000105299, -7.178e-005, 13, 0.902857, 0, 0
28, 168, 0, 0, 0, 0, 2, 2, 0, 0, 0, 0.972517, 0, 0
38, 168, 0, 0, 0, 0, 2, 2, 0, 0, 0, 0.942621, 0, 0
48, 168, 0, -5.1468e-005, 1.76276e-005, 2.40523e-006, 1, 1.99993, -4.09192e-007, 1.05714e-005, 5, 0.859015, 0, 0
58, 168, 0, 6.11854e-005, 1.41201e-006, 9.30399e-007, 0, 1.99986, -6.37445e-006, 2.5321e-005, 7, 0.92125, 0, 0
68, 168, 0, -8.30372e-006, -7.40713e-006, 1.32231e-006, 1, 1.99987, 2.70412e-005, 2.29273e-005, 7, 0.824412, 0, 0
78, 168, 0, 0, 0, 0, 2, 2, 0, 0, 0, 0.959397, 0, 0
88, 168, 0, 0, 0, 0, 2, 2, 0, 0, 0, 0.946285, 0, 0
98, 168, 0, 0.000151519, -9.94486e-005, 1.73496e-005, 1, 1.99966, -2.06891e-005, -0.000183665, 14, 0.91663, 0, 0
108, 168, 0, -5.00537e-005, 1.94981e-005, 4.58883e-005, 1, 1.99989, 8.36142e-006, -1.82108e-005, 6, 0.881684, 0, 0
118, 168, 0, 0.000115266, 2.59743e-005, -8.72554e-006, 1, 1.99997, -1.10473e-005, 8.18358e-006, 2, 0.921079, 0, 0
128, 168, 0, 0.000160269, 4.63195e-005, -3.17594e-005, 0, 1.99977, 9.13074e-006, -5.24089e-005, 8, 0.877695, 0, 0
138, 168, 0, -7.25681e-005, 1.03748e-005, -4.39931e-006, 1, 1.99999, -1.93274e-005, 8.762e-006, 5, 0.872893, 0, 0
148, 168, 0, 3.10288e-005, 1.51575e-005, -3.06056e-006, 0, 1.99997, 1.18804e-005, -5.12507e-007, 5, 0.926386, 0, 0
158, 168, 0, -4.2905e-005, 8.93299e-005, 7.90763e-006, 0, 1.9997, -3.44732e-005, 7.70315e-005, 9, 0.947934, 0, 0
168, 168, 0, 1.29163e-006, -2.03682e-006, -6.75639e-008, 1, 1.99998, -2.55772e-007, -3.23458e-007, 4, 0.929028, 0, 0
178, 168, 0, 0, 0, 0, 2, 2, 0, 0, 0, 0.967255, 0, 0
188, 168, 0, 0, 0, 0, 2, 2, 0, 0, 0, 0.940045, 0, 0
198, 168, 0, 0, 0, 0, 2, 2, 0, 0, 0, 0.913845, 0, 0
208, 168, 0, 7.99063e-005, 4.18467e-005, -4.3549e-005, 0, 1.9999, -9.98413e-005, 0.000124341, 16, 0.876763, 0, 0
218, 168, 0, -0.000125014, -4.07871e-005, 4.55775e-006, 0, 1.99975, 6.90075e-007, 1.69331e-005, 7, 0.891115, 0, 0
228, 168, 0, 8.03399e-005, -3.3071e-005, 5.01919e-005, 1, 2.00006, -2.19659e-005, -0.000111332, 8, 0.840335, 0, 0
18, 178, 0, 0, 0, 0, 2, 2, 0, 0, 0, 0.942866, 0, 0
28, 178, 0, -1.72793e-005, -3.1665e-006, 3.13309e-006, 0, 1.99994, 6.03921e-007, 6.62032e-006, 5, 0.900711, 0, 0
38, 178, 0, -6.40795e-005, 1.93997e-006, -3.78418e-006, 1, 1.9999, -1.0089e-005, -1.6408e-005, 5, 0.904493, 0, 0
48, 178, 0, -3.64269e-005, -4.19545e-005, -1.21701e-005, 1, 1.99973, 1.55575e-005, -5.29412e-005, 7, 0.898631, 0, 0
58, 178, 0, 8.55912e-005, 7.24884e-005, 3.56579e-005, 0, 1.9999, 1.38931e-005, -1.0943e-006, 11, 0.905317, 0, 0
68, 178, 0, 0.00015019, -2.31758e-005, 5.01633e-005, 1, 1.99984, -3.24829e-005, -2.87503e-005, 7, 0.81948, 0, 0
78, 178, 0, -3.17621e-005, -1.22378e-006, -2.88213e-006, 1, 2.00006, -1.33156e-005, 3.15147e-005, 5, 0.938113, 0, 0
88, 178, 0, -0.000148848, -8.81845e-006, -8.88586e-006, 0, 2.00002, -9.33347e-006, 8.44344e-005, 8, 0.906104, 0, 0
98, 178, 0, -0.00787758, -0.00175459, 0.000808924, 0, 1.98827, 0.00337787, 0.000170432, 20, 0.928668, 0, 0
108, 178, 0, 2.38312e-005, 0.000114803, -1.69458e-005, 1, 1.99985, -3.04882e-005, 2.33593e-005, 9, 0.916005, 0, 0
118, 178, 0, -0.000119971, -6.70895e-005, 1.17378e-005, 1, 1.99998, 3.54397e-005, 7.2992e-006, 9, 0.949047, 0, 0
128, 178, 0, 0.0181802, -0.0139392, 8.69526e-005, 0, 1.99736, 0.002702, -0.0255089, 20, 0.887565, 0, 0
138, 178, 0, -0.000144248, 7.4487e-005, 0.000120614, 0, 1.99927, -6.71831e-005, -0.000112861, 15, 0.947006, 0, 0
148, 178, 0, 0.000175858, -5.03607e-006, 2.83982e-005, 1, 2, 4.05511e-005, -1.61478e-006, 3, 0.931518, 0, 0
158, 178, 0, -0.000200677, 5.71257e-005, -3.13491e-005, 1, 2, 8.09125e-006, 9.80609e-006, 7, 0.933687, 0, 0
168, 178, 0, -1.78538e-005, 1.17967e-006, -3.14621e-006, 1, 1.99998, 1.19528e-006, 7.64757e-006, 3, 0.925732, 0, 0
178, 178, 0, 0, 0, 0, 2, 2, 0, 0, 0, 0.871188, 0, 0
188, 178, 0, 0, 0, 0, 2, 2, 0, 0, 0, 0.908646, 0, 0
198, 178, 0, 8.37918e-005, 0.000216914, 4.11688e-005, 1, 1.99972, -5.78118e-005, 0.000265834, 15, 0.869729, 0, 0
208, 178, 0, 1.87072e-005, 1.64791e-006, -3.28457e-006, 0, 1.99993, 5.23065e-006, 2.00307e-006, 6, 0.926266, 0, 0
218, 178, 0, -4.55005e-006, 1.80827e-005, -1.51613e-005, 1, 2.00006, -2.43512e-005, 1.45578e-005, 6, 0.783212, 0, 0
228, 178, 0, 0.000180584, 2.71957e-005, 9.86237e-007, 1, 1.99992, 1.20681e-006, 2.01529e-005, 4, 0.751815, 0, 0
18, 188, 0, 0, 0, 0, 2, 2, 0, 0, 0, 0.885662, 0, 0
28, 188, 0, -0.000104586, 1.5874e-005, -1.82065e-005, 1, 1.99987, -1.01449e-005, -8.40071e-006, 5, 0.880763, 0, 0
38, 188, 0, 7.32837e-005, 9.1612e-006, 2.06351e-005, 0, 1.9999, 2.76844e-005, -2.38327e-006, 7, 0.833568, 0, 0
48, 188, 0, -6.13828e-006, 1.97283e-005, -6.86322e-006, 1, 1.99996, -1.74053e-005, -2.82583e-005, 5, 0.853906, 0, 0
58, 188, 0, 0.000574846, 0.000122732, -1.57173e-005, 1, 1.99975, 2.79263e-005, -0.00015457, 11, 0.887782, 0, 0
68, 188, 0, -0.004402, -0.0017226, 0.000894915, 1, 1.99926, 0.000468602, -0.0019916, 4, 0.836783, 0, 0
78, 188, 0, 0.000132797, -4.29383e-005, 2.09426e-005, 1, 2.00005, -3.49436e-005, -4.32053e-005, 9, 0.942579, 0, 0
88, 188, 0, -8.22667e-005, 1.09402e-005, 7.88426e-007, 1, 1.99999, -1.59108e-006, -1.18728e-005, 5, 0.929783, 0, 0
98, 188, 0, -3.96861e-006, 7.25678e-007, -1.16983e-006, 1, 2, -8.44608e-008, -6.87496e-007, 2, 0.899064, 0, 0
108, 188, 0, -4.53741e-006, 4.61827e-006, -5.41117e-006, 1, 1.99997, -1.47299e-006, -6.7926e-006, 5, 0.889821, 0, 0
118, 188, -1, -5.19822e-005, -1.10731e-005, 1.40403e-005, 0, 1.99979, -3.584e-006, -3.52335e-005, 9, 0.781683, 0, 0
128, 188, 0, 0.000149909, 6.5249e-005, 4.92129e-007, 1, 1.99976, 2.59064e-005, 0.000117245, 9, 0.832656, 0, 0
138, 188, 0, -1.58983e-005, -2.72469e-005, 1.68334e-005, 1, 2.00002, 1.2558e-005, -7.68436e-005, 9, 0.924598, 0, 0
148, 188, 0, 5.40793e-005, 0.000149868, 6.75001e-006, 0, 2.0005, -3.91734e-005, -2.31369e-006, 10, 0.912687, 0, 0
158, 188, 0, -0.000165941, 3.12143e-005, 3.63047e-005, 1, 1.99978, 5.97605e-006, -4.82826e-005, 8, 0.828402, 0, 0
168, 188, 0, 2.73911e-005, -1.91245e-005, -3.56401e-005, 1, 1.99992, -3.67206e-005, -1.93783e-006, 7, 0.879858, 0, 0
178, 188, 0, 0, 0, 0, 2, 2, 0, 0, 0, 0.985887, 0, 0
188, 188, 0, 0, 0, 0, 2, 2, 0, 0, 0, 0.953675, 0, 0
198, 188, 0, 0, 0, 0, 2, 2, 0, 0, 0, 0.95555, 0, 0
208, 188, 0, -0.000482614, 8.78531e-005, -4.20484e-005, 1, 1.99958, 2.39791e-005, -8.30167e-005, 11, 0.873435, 0, 0
218, 188, 0, -7.05743e-005, 2.17353e-005, 1.12813e-005, 1, 1.99992, 1.47599e-006, -1.42417e-005, 7, 0.857063, 0, 0
228, 188, 0, 0, 0, 0, 2, 2, 0, 0, 0, 0.907814, 0, 0
18, 198, 0, -0.000137045, -1.55736e-005, 7.45016e-006, 1, 1.99986, -8.83238e-006, -7.18956e-007, 8, 0.90399, 0, 0
28, 198, 0, -2.28412e-005, -8.82717e-006, 2.36484e-005, 1, 1.99996, 1.53614e-005, -6.87038e-006, 6, 0.917361, 0, 0
38, 198, 0, -0.000128967, -7.66895e-006, 6.16704e-006, 1, 2, 1.43745e-005, 2.46808e-005, 4, 0.889315, 0, 0
48, 198, 0, 0, 0, 0, 2, 2, 0, 0, 0, 0.90997, 0, 0
58, 198, 0, 0, 0, 0, 2, 2, 0, 0, 0, 0.973478, 0, 0
68, 198, 0, 1.7416e-005, -1.76539e-006, 6.3895e-006, 1, 1.99991, -1.0246e-005, 1.4999e-005, 4, 0.91469, 0, 0
78, 198, 0, -0.0117422, 0.0161034, 0.00650951, 0, 1.99361, -0.00310442, 0.0245198, 20, 0.869788, 0, 0
88, 198, 0, -9.00717e-005, 0.000100079, -5.29746e-005, 0, 1.99985, -6.4451e-005, -1.12849e-005, 9, 0.807322, 0, 0
98, 198, 0, -4.2386e-007, -7.585e-005, 1.13169e-005, 0, 1.99977, 1.92076e-005, -8.94951e-005, 14, 0.849901, 0, 0
108, 198, 0, 0, 0, 0, 2, 2, 0, 0, 0, 0.927559, 0, 0
118, 198, 0, 0, 0, 0, 2, 2, 0, 0, 0, 0.971313, 0, 0
128, 198, 0, 0, 0, 0, 2, 2, 0, 0, 0, 0.961154, 0, 0
138, 198, 0, 0, 0, 0, 2, 2, 0, 0, 0, 0.915681, 0, 0
148, 198, 0, 0, 0, 0, 2, 2, 0, 0, 0, 0.901744, 0, 0
158, 198, 0, 0, 0, 0, 2, 2, 0, 0, 0, 0.89954, 0, 0
168, 198, 0, 0, 0, 0, 2, 2, 0, 0, 0, 0.962236, 0, 0
178, 198, 0, 9.57805e-005, 0.000311448, 0.000134541, 0, 1.99961, 9.55731e-006, 0.000159119, 20, 0.874491, 0, 0
188, 198, 0, -0.000150508, -0.00107706, 0.000250211, 0, 1.99882, -2.65525e-005, -0.000237155, 20, 0.77113, 0, 0
198, 198, 0, 0, 0, 0, 2, 2, 0, 0, 0, 0.959154, 0, 0
208, 198, 0, 0, 0, 0, 2, 2, 0, 0, 0, 0.977048, 0, 0
218, 198, 0, 0, 0, 0, 2, 2, 0, 0, 0, 0.972448, 0, 0
228, 198, 0, 0, 0, 0, 2, 2, 0, 0, 0, 0.936218, 0, 0
18, 208, 0, 4.64899e-005, 2.93082e-005, -1.53621e-005, 0, 1.99995, -3.28159e-006, -1.0466e-005, 8, 0.873181, 0, 0
28, 208, 0, -4.53393e-005, 6.23881e-006, 1.29831e-005, 1, 1.99993, 1.20782e-005, 2.45117e-006, 5, 0.903633, 0, 0
38, 208, 0, 0, 0, 0, 2, 2, 0, 0, 0, 0.883963, 0, 0
48, 208, 0, 5.5811e-005, -1.8863e-005, -3.44352e-005, 0, 1.99983, -2.47509e-005, 4.56904e-005, 9, 0.854216, 0, 0
58, 208, 0, -0.000199611, -2.00992e-005, -2.54139e-005, 0, 1.99909, 7.45751e-006, 1.20258e-005, 11, 0.940451, 0, 0
68, 208, 0, -9.25683e-006, -7.78602e-006, 5.13817e-006, 1, 1.99987, 2.65778e-005, -2.28741e-005, 8, 0.872632, 0, 0
78, 208, 0, 0, 0, 0, 2, 2, 0, 0, 0, 0.988363, 0, 0
88, 208, 0, 0, 0, 0, 2, 2, 0, 0, 0, 0.964975, 0, 0
98, 208, 0, 0, 0, 0, 2, 2, 0, 0, 0, 0.928383, 0, 0
108, 208, 0, 0, 0, 0, 2, 2, 0, 0, 0, 0.928021, 0, 0
118, 208, 0, 0.00476234, 0.00308387, 0.00113705, 1, 1.9963, -0.00125892, 0.00441918, 20, 0.898617, 0, 0
128, 208, 0, 2.77517e-005, -3.75083e-006, 2.73474e-006, 1, 1.99999, 2.37224e-006, 9.97654e-007, 5, 0.890697, 0, 0
138, 208, 0, 0, 0, 0, 2, 2, 0, 0, 0, 0.974473, 0, 0
148, 208, 0, 0, 0, 0, 2, 2, 0, 0, 0, 0.957592, 0, 0
158, 208, 0, 0, 0, 0, 2, 2, 0, 0, 0, 0.94081, 0, 0
168, 208, 0, 9.00506e-005, 8.21382e-006, -4.89453e-006, 1, 2.00002, 9.63385e-006, -1.10825e-005, 4, 0.864107, 0, 0
178, 208, 0, -0.000214499, 0.00272272, -0.000247731, 0, 1.99571, 0.000683642, 0.00212688, 20, 0.902997, 0, 0
188, 208, 0, 0.000214073, -0.000147301, 8.79739e-005, 0, 1.99976, -2.37927e-005, 7.54704e-005, 18, 0.928892, 0, 0
198, 208, 0, 9.54134e-005, 8.75956e-005, 9.70994e-005, 1, 1.99994, 0.000131415, -4.80226e-005, 12, 0.905073, 0, 0
208, 208, 0, 0, 0, 0, 2, 2, 0, 0, 0, 0.984076, 0, 0
218, 208, 0, -0.0001161, 5.64446e-005, -7.55042e-005, 1, 1.99968, -5.79638e-005, 3.50779e-005, 11, 0.897923, 0, 0
228, 208, 0, 0.000121136, 6.01131e-006, -2.07273e-005, 0, 1.99975, 1.01392e-005, 3.78862e-005, 9, 0.909029, 0, 0
18, 218, 0, -2.78394e-005, 4.89727e-005, 2.06817e-005, 1, 2.00006, 1.61101e-006, 4.83242e-005, 7, 0.93843, 0, 0
28, 218, 0, 0.000119254, -1.03043e-007, 1.7645e-005, 1, 2.00004, 1.5823e-006, 2.04831e-005, 7, 0.839766, 0, 0
38, 218, 0, 0, 0, 0, 2, 2, 0, 0, 0, 0.934365, 0, 0
48, 218, 0, 0, 0, 0, 2, 2, 0, 0, 0, 0.973123, 0, 0
58, 218, 0, 0.0507309, 0.00549985, 0.00722999, 0, 1.96129, -0.000310466, 0.0275219, 20, 0.930527, 0, 0
68, 218, 0, 0.00171139, -0.000218652, 0.000228026, 1, 2.00331, 0.000147793, 0.00140749, 20, 0.906946, 0, 0
78, 218, 0, -0.00109745, 0.00012738, -0.000149402, 1, 1.99983, -5.59852e-005, 0.000556566, 14, 0.924412, 0, 0
88, 218, 0, 0, 0, 0, 2, 2, 0, 0, 0, 0.972182, 0, 0
98, 218, 0, 0.000172282, -9.24718e-005, -2.40341e-005, 1, 1.9999, -2.80918e-006, -4.07838e-006, 8, 0.888091, 0, 0
108, 218, 0, -8.45971e-006, 7.50793e-005, 2.24379e-005, 1, 1.99996, 2.0882e-005, 2.14702e-005, 8, 0.841572, 0, 0
118, 218, 0, 0, 0, 0, 2, 2, 0, 0, 0, 0.978294, 0, 0
128, 218, 0, -2.98841e-005, -1.38623e-005, -1.42341e-005, 1, 1.99998, -4.40716e-006, -3.43162e-006, 6, 0.731271, 0, 0
138, 218, -1, 8.54782e-005, 9.57231e-005, -2.46379e-005, 0, 1.99999, 2.50383e-005, 2.0036e-005, 14, 0.86699, 0, 0
148, 218, 0, 0.00032529, -2.61686e-005, -1.30896e-005, 0, 1.99939, -6.59618e-005, -4.50362e-005, 11, 0.922166, 0, 0
158, 218, 0, 6.05158e-005, -1.58018e-005, -2.66926e-006, 0, 1.99982, 3.56688e-005, 3.70132e-006, 8, 0.840669, 0, 0
168, 218, 0, 0, 0, 0, 2, 2, 0, 0, 0, 0.90784, 0, 0
178, 218, 0, 0.00014397, 2.32776e-005, -3.04625e-005, 1, 1.99995, -7.93583e-006, 5.88752e-006, 7, 0.895836, 0, 0
188, 218, 0, 0.00124117, -0.000437457, -0.000126245, 1, 1.99942, -0.000160918, -0.000465756, 20, 0.904009, 0, 0
198, 218, 0, 0, 0, 0, 2, 2, 0, 0, 0, 0.923925, 0, 0
208, 218, 0, 0, 0, 0, 2, 2, 0, 0, 0, 0.900218, 0, 0
218, 218, 0, 0, 0, 0, 2, 2, 0, 0, 0, 0.912902, 0, 0
228, 218, 0, -1.30676e-006, 5.03281e-006, -2.59753e-006, 0, 1.99989, -2.50183e-006, -5.26049e-006, 6, 0.795151, 0, 0
18, 228, 0, 0.000150999, 9.90551e-006, 2.28116e-005, 0, 1.99966, 6.36174e-005, -2.99807e-005, 9, 0.940899, 0, 0
28, 228, 0, -0.000319777, -9.73524e-005, 4.34266e-005, 1, 1.99975, -3.50309e-005, -1.26317e-005, 11, 0.922996, 0, 0
38, 228, 0, -0.000175248, 2.30313e-005, 1.33203e-005, 0, 1.99956, -4.26205e-005, 1.67148e-005, 10, 0.917613, 0, 0
48, 228, 0, -0.000143787, -4.59078e-005, 3.09639e-005, 0, 2.00004, 4.69306e-005, -4.01635e-005, 8, 0.882756, 0, 0
58, 228, 0, 4.31796e-005, -3.14455e-005, 1.01129e-005, 0, 1.99951, -2.48222e-005, 6.92861e-005, 9, 0.909918, 0, 0
68, 228, 0, -0.000159616, 6.94015e-005, -8.62834e-006, 1, 1.99967, 5.26509e-005, 4.75424e-005, 10, 0.961235, 0, 0
78, 228, 0, 0.000125497, -1.11963e-005, -4.39292e-006, 0, 1.99957, 1.05419e-005, 0.000152585, 15, 0.900526, 0, 0
88, 228, 0, 3.06519e-006, 2.51524e-005, 3.00378e-005, 1, 1.99996, -5.10068e-006, -2.25459e-006, 6, 0.881004, 0, 0
98, 228, 0, -0.000129684, -4.33909e-005, -4.7024e-005, 1, 1.9997, 2.39805e-005, 8.57482e-005, 8, 0.94206, 0, 0
108, 228, 0, 0.00024246, 4.3208e-005, 5.97772e-005, 1, 1.99989, 2.06447e-005, 0.000116627, 9, 0.917393, 0, 0
118, 228, 0, -6.11748e-005, -1.86397e-005, 9.29858e-006, 1, 2.00016, 1.40765e-005, 6.34011e-005, 3, 0.889155, 0, 0
128, 228, 0, -1.25837e-005, 5.79518e-006, -2.33622e-006, 1, 2, -2.78078e-006, 1.46256e-006, 4, 0.75871, 0, 0
138, 228, 0, 5.54139e-005, 4.4756e-006, -7.10557e-006, 1, 2, -8.63903e-007, -1.57575e-006, 4, 0.851111, 0, 0
148, 228, 0, 0.00154031, -0.000961045, 6.93909e-005, 1, 2.00076, -2.72942e-005, -0.000632156, 20, 0.80872, 0, 0
158, 228, 0, 0, 0, 0, 2, 2, 0, 0, 0, 0.981106, 0, 0
168, 228, 0, 7.54767e-005, -0.000105311, -3.55582e-005, 1, 1.99986, -6.21905e-005, -5.03545e-005, 12, 0.869458, 0, 0
178, 228, 0, -0.000178249, 0.000128552, -4.44356e-005, 0, 1.99941, 8.39747e-006, 1.76246e-005, 15, 0.935802, 0, 0
188, 228, 0, 1.90439e-005, -5.99152e-005, 2.30728e-005, 0, 1.99979, 4.37102e-005, 3.1262e-005, 10, 0.917199, 0, 0
198, 228, 0, 0, 0, 0, 2, 2, 0, 0, 0, 0.97672, 0, 0
208, 228, 0, 0, 0, 0, 2, 2, 0, 0, 0, 0.983446, 0, 0
218, 228, 0, -0.000358306, 2.66209e-005, 7.27652e-006, 1, 1.99963, -6.70191e-005, 2.4355e-006, 7, 0.964655, 0, 0
228, 228, 0, 0.00038364, 0.000216201, 0.000114899, 0, 1.99945, 0.000104557, 0.000353677, 8, 0.861202, 0, 0
