18, 18, 0, -0.0667998, -0.00635886, 0.0997538, -0.403265, 0, 0.0272652, 0.11282, 0.865118
28, 18, -1, 0.000120411, -0.00147307, -0.00932678, -0.0281277, 0, 7.63458e-005, 0.00593853, 0.942677
38, 18, 0, -0.000597171, 0.00242496, 0.00458054, 0.0101681, 0, 0.00377919, 0.00351536, 0.891668
48, 18, 0, 1.38298e-005, 0.000332117, -0.00169415, 0.97567, 1, 0.0112831, 0.00677562, 0.890995
58, 18, 0, 0.0115518, -0.0264453, -0.0100631, 1.87643, 2, 0.0810747, 0.0532476, 0.928797
68, 18, 0, 4.8875e-005, -0.0597697, -0.0552052, 1.09231, 1, -0.00620725, -0.010198, 0.925713
78, 18, 0, 0.000190112, -0.00491333, -0.00650708, 1.97543, 2, 0.0113278, 0.00858355, 0.91322
88, 18, 0, -0.0296554, 0.000805378, 0.00308761, 1.92329, 2, 0.0200644, 0.0130324, 0.956767
98, 18, 0, 2.57992e-005, -0.016065, -0.0141383, 1.06571, 1, -0.0181718, -0.0146053, 0.745942
108, 18, 0, -0.025127, 0.0166432, 0.0181208, -0.0967691, 0, 0.0260012, 0.0314306, 0.805262
118, 18, 0, -4.89449e-005, 0.00554454, 0.0116552, -0.0290138, 0, 0.00404637, 0.00732541, 0.875297
128, 18, 0, 0.0266431, -0.00327957, -0.0150591, -0.0115203, 0, -0.0108174, -0.00326657, 0.779549
138, 18, 0, -0.0602197, 0.0355954, 0.0413357, 1.19136, 1, -0.0456982, -0.0298219, 0.834503
148, 18, 0, -4.58918e-008, -4.24981e-005, 1.49724e-005, 1.00312, 1, -0.000173083, -0.000983298, 0.914881
158, 18, 0, 2.68162e-006, -0.0116599, -0.0177596, 1.05791, 1, -0.00360743, -0.0154588, 0.945646
168, 18, 0, 0.0376537, -0.0215572, -0.0563036, 0.987124, 1, -0.00253557, 0.00031507, 0.9315
178, 18, 0, 0, 0, 0, 1, 1, 0, 0, 0.940528
188, 18, 0, -1.57169e-005, 0.00197029, 0.0106326, -0.0771218, 0, 0.0265953, 0.0362622, 0.904269
198, 18, 0, -9.3394e-006, 0.013272, 0.0180158, 1.03845, 1, -0.00123251, -0.00962019, 0.879503
208, 18, 0, 0.0142447, -0.0400459, -0.112782, 1.48521, 2, 0.0228766, 0.0520436, 0.966557
218, 18, 0, -0.0165833, 0.00989509, 0.0268229, 0.0916546, 0, -0.0138811, -0.0212999, 0.830789
228, 18, 0, -2.40642e-006, 0.00619054, 0.0123274, -0.0340686, 0, 0.00976537, 0.0164853, 0.787319
18, 28, 0, -0.0239247, 0.0326777, 0.0263756, 1.08906, 1, -0.00275542, 0.000884771, 0.947891
28, 28, 0, -0.017132, 0.0269508, 0.0405671, 1.98119, 2, 0.00741787, 0.00682223, 0.983855
38, 28, 0, -0.0268976, 0.0436486, 0.0253754, 1.97167, 2, 0.0424756, 0.0448914, 0.994059
48, 28, 0, 1.45842e-005, -0.0332649, -0.00923433, 1.18622, 1, -0.0679365, -0.0861526, 0.940017
58, 28, 0, 9.11673e-006, -0.00673729, -0.00666245, 0.992726, 1, 0.00367645, 0.00588775, 0.907821
68, 28, 0, 0.0130388, -0.00320601, -0.00618847, 1.97125, 2, 0.00490635, 0.00509262, 0.928583
78, 28, 0, -0.0101889, -0.0174204, -0.0237247, 2.05052, 2, -0.00773835, -0.0149168, 0.943985
88, 28, 0, 0.070864, -0.0595449, -0.0257054, 2.1323, 2, -0.0243471, -0.034981, 0.905954
98, 28, 0, -0.00833019, 0.00764716, 0.00100118, 1.05698, 1, -0.0386964, -0.0207016, 0.906202
108, 28, 0, -1.13598e-005, -0.0084098, -0.0146211, 1.02075, 1, 0.0191665, 0.0210581, 0.930194
118, 28, 0, 0.00141993, -0.00954205, -0.000591159, 2.04895, 2, 0.0474053, 0.0371281, 0.980265
128, 28, 0, 3.23741e-006, 0.00258148, 0.00697331, -0.0855583, 0, 0.00852915, 0.0481956, 0.882592
138, 28, 0, -4.26312e-008, 0.000951767, 0.000414735, 0.997317, 1, 0.000844739, 0.000955343, 0.886805
148, 28, 0, -0.00547546, 0.0200523, 0.00563265, 1.98578, 2, 0.0460085, 0.0509057, 0.980607
158, 28, 0, -0.0418218, 0.0213724, 0.0248177, 0.775612, 1, 0.0445926, 0.020215, 0.809642
168, 28, 0, 0.00316473, -0.0488636, -0.0365309, 1.05639, 1, 0.0331394, 0.0359726, 0.846931
178, 28, 0, 0.0347955, -0.0223518, -0.014959, 0.940671, 1, 0.00709739, 0.0087415, 0.957639
188, 28, 0, -3.48767e-007, 2.5034e-006, 2.63917e-006, 1.99999, 2, 1.9121e-006, 1.07288e-006, 0.988282
198, 28, 0, 0.0247893, -0.00915217, 0.025612, 0.934496, 1, 0.0311737, 0.0524873, 0.923349
208, 28, -1, -0.012788, 0.0245426, 0.00939834, -0.00957107, 0, 0.00192247, 0.00321698, 0.929146
218, 28, 0, 0.117702, -0.0644832, -0.0350372, 2.06452, 2, -0.0157632, -0.000596404, 0.928267
228, 28, 0, -0.0262151, 0.0138334, 0.0229708, 0.925239, 1, 0.00682081, 0.0388764, 0.897415
18, 38, 0, -6.33813e-006, 0.0416933, 0.043931, 0.874962, 1, 0.0290657, 0.01548, 0.924166
28, 38, 0, 0.0169685, -0.0211715, -0.0216409, 0.04739, 0, -0.00647293, -0.00764376, 0.84478
38, 38, 0, 0.0211522, 0.00698352, 0.00994714, -0.0251591, 0, -0.0454771, -0.0124873, 0.937344
48, 38, 0, 0.023114, -0.0805038, -0.0136424, 0.152816, 0, -0.016114, -0.0145826, 0.923135
58, 38, 0, 0.0432573, -0.0128797, -0.00996012, 0.944209, 1, 0.0144706, 0.00893772, 0.903516
68, 38, 0, 5.07592e-006, 0.00535917, 0.00127985, 1.03808, 1, -0.008274, -0.0084309, 0.820675
78, 38, 0, -0.0880337, 0.0413858, 0.0265318, 1.93122, 2, 0.0123834, 0.0148314, 0.897749
88, 38, 0, 0.0397423, -0.0157617, -0.0105729, 0.987903, 1, 0.0195082, 0.018978, 0.822372
98, 38, 0, -0.00908322, 0.0127587, 0.00824439, -0.000540783, 0, -0.00855246, 0.00706136, 0.914102
108, 38, 0, 0.00131804, -0.00942326, -0.00449194, 1.07596, 1, -0.00827398, -0.0137036, 0.944124
118, 38, 0, -1.32945e-006, 0.00208223, 0.00254433, 1.0107, 1, -0.0133117, -0.0130831, 0.912352
128, 38, 0, -2.72475e-007, -0.00688356, 0.0106045, 2.12527, 2, -0.0343892, -0.0180963, 0.94232
138, 38, 0, -0.0884091, 0.083312, 0.114389, 1.4875, 2, 0.118339, 0.0973879, 0.893816
148, 38, 0, -0.0154948, 0.0119722, 0.00751054, 0.923173, 1, 0.015184, 0.0195526, 0.878049
158, 38, 0, -8.00568e-006, 0.0189302, 0.0317253, 1.98957, 2, 0.00880354, 0.0151392, 0.919078
168, 38, 0, 1.61941e-006, -0.00505221, -0.00438278, 1.99856, 2, 0.00458798, 0.00715482, 0.979024
178, 38, 0, 0.00482443, 0.00148952, -0.000207169, 1.91828, 2, 0.0120519, 0.0110724, 0.958587
188, 38, 0, 0.00244292, -0.00200015, -0.0036205, 1.99353, 2, 0.00418043, 0.00221682, 0.968542
198, 38, 0, 8.20714e-006, 5.48363e-006, 4.53474e-006, 2, 2, -1.27098e-005, -1.8239e-005, 0.972895
208, 38, 0, -9.28602e-007, 0.00377309, 0.0207621, 1.13405, 1, -0.0370809, -0.0372978, 0.907553
218, 38, 0, -0.00195301, -0.000903428, 0.0024354, 1.12091, 1, -0.0342381, -0.0461405, 0.921674
228, 38, 0, 7.70596e-006, 0.00852001, 0.0182671, 1.35511, 1, -0.0639817, -0.0316637, 0.908942
18, 48, 0, 0.0144886, -0.0134662, -0.00244767, 0.941112, 1, 0.0265374, 0.0194709, 0.90332
28, 48, 0, 4.46384e-007, 0.00352657, 0.00270934, 1.00183, 1, -0.000773418, -0.00101256, 0.939174
38, 48, 0, 0.0187767, 0.0156268, 0.00762311, 0.961386, 1, 0.0081816, 0.0071857, 0.918498
48, 48, 0, 3.20268e-007, -0.00748485, -0.00755685, 1.03478, 1, -0.0134716, -0.0109256, 0.928101
58, 48, 0, 0.00730235, -0.0116857, -0.0376933, 1.97032, 2, -0.00174159, 0.00158083, 0.981307
68, 48, 0, -2.95646e-005, 0.0391128, 0.0358128, 2.0272, 2, -0.00351766, 0.000787973, 0.967977
78, 48, 0, 3.57636e-006, 0.00782347, 0.0144143, 1.99985, 2, 0.0110875, 0.0152375, 0.966151
88, 48, 0, 0.0137873, -0.00994724, -0.00908813, 2.00529, 2, 0.00849201, 0.011927, 0.947689
98, 48, 0, 0.00130501, 0.00460315, 0.00397428, 0.964745, 1, 0.0127739, 0.012213, 0.870086
108, 48, 0, 7.92627e-006, -0.0122787, -0.00987004, 0.865825, 1, 0.0323384, 0.0283262, 0.839378
118, 48, 0, -0.0167128, 0.0148668, 0.00750073, 0.962414, 1, 0.0130256, 0.0116632, 0.897109
128, 48, 0, 0.0330881, -0.0526748, -0.0504698, 0.0767356, 0, -0.0226799, -0.101213, 0.941673
138, 48, 0, -5.55435e-006, 0.0389506, 0.0339246, 1, 1, -0.0407952, -0.0355116, 0.938024
148, 48, 0, 0.0382249, -0.0168146, -0.0353782, 1.96744, 2, 0.0257226, 0.0330892, 0.949062
158, 48, 0, -0.0301679, 0.0365793, 0.0261758, 1.94049, 2, 0.0178135, 0.0302093, 0.95335
168, 48, 0, 0.0311039, -0.00156748, -0.0220628, 1.30579, 1, -0.0661725, -0.0601736, 0.755197
178, 48, 0, 3.39574e-005, -0.0201136, -0.0140487, 0.97264, 1, 0.00690612, 0.00714171, 0.875346
188, 48, 0, -4.55894e-006, 0.0332606, 0.0209816, -0.0318522, 0, 0.00169286, 0.00558019, 0.90418
198, 48, 0, -1.24908e-007, -0.00364816, -0.00455054, -0.0156344, 0, -0.0024871, -0.00194031, 0.945799
208, 48, 0, 5.8949e-005, -0.0583513, -0.0192375, 2.1164, 2, -0.00725081, 0.0359567, 0.929727
218, 48, 0, -0.0717022, -0.0273405, 0.0118901, -0.190134, 0, 0.0733005, 0.106608, 0.790003
228, 48, 0, -0.05057, 0.0604416, 0.0678248, 1.02447, 1, -0.00666535, 0.00803256, 0.895693
18, 58, 0, 0.00485791, -0.0426955, -0.0430749, 0.981812, 1, -0.00568443, -0.0134743, 0.935107
28, 58, 0, -1.4755e-005, 0.00108171, -0.0246884, 1.98509, 2, 0.00182164, 0.00735366, 0.991336
38, 58, 0, -0.0129937, -0.000908375, 0.0206538, 2.01045, 2, -0.00175279, 0.000270605, 0.984268
48, 58, 0, 0.00778439, -0.00184119, -0.00156575, 1.00255, 1, 9.23311e-005, -0.000461757, 0.890789
58, 58, 0, -5.50117e-007, 0.0108562, 0.0160893, 0.988323, 1, -0.00159007, 0.000639081, 0.847565
68, 58, 0, 0.00934055, -0.0174916, -0.0170853, 1.11559, 1, -0.0160103, -0.0323727, 0.922733
78, 58, 0, 0.089162, -0.0240379, -0.0649407, 1.11664, 1, -0.00860151, -0.0182067, 0.933323
88, 58, 0, -0.0297965, 0.0217441, 0.00895139, 1.07325, 1, -0.0199875, -0.00996208, 0.964565
98, 58, 0, -0.0136518, 0.0255535, 0.0201492, 2.14853, 2, -0.0320905, -0.0287092, 0.967122
108, 58, 0, 7.04237e-007, -0.0418755, -0.0435174, 2.1777, 2, -0.0506282, -0.0594271, 0.97319
118, 58, 0, 4.63058e-007, -0.00667661, -0.00337425, 2.00079, 2, 0.0185291, 0.0565385, 0.979237
128, 58, 0, 0.00522652, 0.0116541, 0.0104919, 0.0194813, 0, 0.0144822, 0.0108148, 0.908319
138, 58, 0, -1.89823e-006, 0.0324675, 0.00906033, -0.0958771, 0, 0.00855578, -0.00686342, 0.961354
148, 58, 0, -0.0053955, -0.0147778, -0.0337931, -0.0325286, 0, 0.00129552, 0.0140744, 0.886302
158, 58, 0, 2.87877e-007, -0.00608647, -0.00664372, 0.0114811, 0, -0.012783, -0.014463, 0.876273
168, 58, 0, 0.0632728, -0.0510492, -0.0519791, 1.07134, 1, -0.0139065, 0.00964284, 0.929107
178, 58, 0, -2.65823e-007, 0.0137757, 0.0157203, 1.00251, 1, 0.00584313, 0.00727081, 0.930801
188, 58, 0, 2.86285e-005, -0.0242125, -0.0236591, 0.974166, 1, -0.000542248, -0.00298893, 0.878623
198, 58, 0, -0.000108578, 0.012167, -0.00407943, 0.0523686, 0, -0.0142602, -0.0351374, 0.913086
208, 58, 0, 2.58782e-007, -0.000466526, -0.0028904, 2.0777, 2, -0.0254812, -0.0179373, 0.989868
218, 58, 0, 2.13713e-006, -0.00661558, -0.0116687, 1.94455, 2, 0.00375259, 0.00478613, 0.946838
228, 58, 0, 7.43085e-006, -0.00270665, -0.00694263, 0.992594, 1, 0.000879606, 0.000669956, 0.887812
18, 68, 0, 2.49739e-006, -0.0031563, -0.000274689, -0.0131452, 0, 0.0123708, 0.0164032, 0.865633
28, 68, 0, 1.30517e-006, -0.0060398, -0.00951164, 1.05061, 1, -0.0125299, -0.0104313, 0.877302
38, 68, 0, -0.0152008, 0.0600752, 0.0699486, 0.922958, 1, -0.0070159, -0.0108416, 0.86324
48, 68, 0, -1.31092e-005, 0.0166231, 0.0100489, 0.988065, 1, -0.00167149, -0.00368255, 0.925579
58, 68, 0, -1.77015e-006, 0.00741208, 0.00105529, 1.04128, 1, 0.0233008, 0.0252886, 0.848214
68, 68, 0, -0.00139541, -0.000717878, 0.0043982, -0.0756053, 0, 0.014093, 0.0135424, 0.849201
78, 68, 0, 0.0266667, -0.0202347, 0.00115014, 1.00846, 1, 0.0120889, 0.0191457, 0.767104
88, 68, 0, 0.0374932, 0.0028491, -0.00361391, 1.02809, 1, 0.0171107, 0.0195282, 0.877951
98, 68, 0, -1.90599e-005, 0.124707, 0.0775451, -0.334758, 0, 0.0346239, 0.0294665, 0.853456
108, 68, 0, 2.16536e-009, 0.000216007, -0.00939338, 0.0538725, 0, 0.023277, 0.015682, 0.934635
118, 68, 0, 0.00595653, -0.000280797, -0.00589982, 1.09032, 1, -0.0193857, -0.00887185, 0.910021
128, 68, 0, -0.0444287, 0.0254399, 0.0194037, 2.09829, 2, -0.0193196, 0.0059818, 0.916206
138, 68, 0, 0.0134673, -0.0119973, -0.0181692, 2.07968, 2, -0.0138744, -0.0198336, 0.958322
148, 68, 0, 0.0549039, -0.0444509, -0.0390322, 1.0152, 1, 0.00740175, 0.0117564, 0.917823
158, 68, 0, 0.0458935, -0.0448253, -0.041728, 1.99872, 2, 0.000803699, 0.000137448, 0.930257
168, 68, 0, -9.26753e-007, -0.0304391, -0.0164693, 1.08095, 1, -0.0253815, -0.0322829, 0.930042
178, 68, 0, -0.00972319, -0.000318527, -0.0036232, 0.980842, 1, -0.00456865, -0.00513071, 0.936868
188, 68, 0, 2.80683e-005, -0.0055691, 0.0249039, 1.20791, 1, -0.04327, -0.00703448, 0.928648
198, 68, 0, -0.0298554, 0.0454807, 0.0353483, 1.01529, 1, 0.0614736, 0.0796021, 0.95721
208, 68, 0, 4.38628e-006, -0.0173404, -0.0140679, 0.904519, 1, 0.0327094, 0.0124156, 0.958762
218, 68, 0, -1.3051e-006, 0.0260055, 0.0315584, 0.943505, 1, 0.0280774, 0.0336068, 0.874031
228, 68, 0, 4.34972e-005, -0.0613944, -0.0358846, 2.28857, 2, 0.00967091, 0.0466518, 0.918602
18, 78, 0, 0.0255513, -0.0291064, -0.0187742, 1.35561, 1, -0.100227, -0.0322762, 0.917797
28, 78, 0, 0.0219257, -0.0520665, -0.0534446, 1.84884, 2, 0.0621055, 0.0421597, 0.914004
38, 78, 0, 0.0167938, 0.00283074, 0.00791142, 0.758732, 1, 0.0159326, 0.0458802, 0.908063
48, 78, 0, 0.0109541, -0.00561285, -0.0111454, 0.983403, 1, 0.000167988, 0.00160062, 0.881165
58, 78, 0, -0.0680197, 0.0210538, 0.0251162, 2.0994, 2, -0.0229349, -0.0214075, 0.924695
68, 78, 0, -0.00129344, 0.067837, 0.149193, 1.92544, 2, 0.0318556, 0.035046, 0.952621
78, 78, 0, 0.0307597, -0.048958, -0.0610331, 2.11289, 2, 0.0369328, 0.00181961, 0.937812
88, 78, 0, -0.00411773, 0.00022769, 0.00350794, -0.0188271, 0, 0.00193494, 0.00624919, 0.832315
98, 78, 0, 9.80132e-007, -0.0163373, -0.00698692, -0.00559573, 0, 0.00389778, 0.00178814, 0.899892
108, 78, 0, 3.8272e-006, -0.0112196, -0.00845215, 0.894108, 1, -0.00116857, 0.0183309, 0.94699
118, 78, 0, 0.0134415, -0.0184085, -0.0223663, 1.82268, 2, 0.0252737, 0.0442511, 0.89403
128, 78, 0, -0.00334525, 0.00583315, 0.00382447, 2.00412, 2, 0.000388143, 0.000313282, 0.941768
138, 78, 0, -0.0133776, 0.00286281, 0.0029568, 2.00938, 2, -0.00706796, -0.00405282, 0.946518
148, 78, 0, -1.68285e-006, -5.60284e-006, -7.39968e-006, -3.47517e-005, 0, 1.09795e-005, 5.72205e-006, 0.882868
158, 78, 0, 0.0330563, -0.0556421, -0.0849669, 0.865994, 1, 0.0415621, 0.034034, 0.876787
168, 78, 0, -0.0186751, 0.00429308, 0.00301617, -0.0540852, 0, 0.0189615, 0.0170498, 0.894337
178, 78, 0, -6.76876e-007, -0.00368512, 0.0117077, -0.0503602, 0, 0.00124754, 0.0136374, 0.959953
188, 78, 0, 0, 0, 0, 0, 0, 0, 0, 0.758052
198, 78, 0, -0.0760758, 0.0311584, 0.0507619, 1.08109, 1, -0.0127529, -0.0301064, 0.771711
208, 78, 0, 0.0250716, -0.0231731, -0.00309686, 1.14371, 1, -0.00869361, -0.0283025, 0.938348
218, 78, 0, -1.09699e-005, 0.00881433, 0.0149022, 0.939982, 1, 0.00680753, 0.0110836, 0.924964
228, 78, 0, 1.37552e-006, -0.0039295, -0.00605605, 1.02223, 1, -0.0320005, -0.0362062, 0.88146
18, 88, 0, 0, 0, 0, 0, 0, 0, 0, 0.918756
28, 88, 0, -1.116e-005, 0.0440261, 0.00274557, 0.863635, 1, 0.0266234, 0.00746489, 0.846521
38, 88, 0, 1.25036e-007, -0.0174005, -0.010752, 0.996931, 1, -0.000324698, -0.000406086, 0.887435
48, 88, 0, 1.24428e-006, 0.0173115, 0.0140992, 1.0074, 1, 0.0106044, 0.0027703, 0.933362
58, 88, 0, 0.0116256, -0.0360672, -0.01146, 1.04333, 1, 0.000967271, -0.0028798, 0.919588
68, 88, 0, -0.00532307, 0.0665824, 0.0401059, 1.15464, 1, -0.00663907, -0.0252772, 0.914571
78, 88, 0, 0.0774855, -0.076959, -0.0308061, 1.13168, 1, -0.025393, -0.0130978, 0.887391
88, 88, 0, -0.0473722, 0.0294139, -0.00798315, 0.991854, 1, -0.0400474, -0.0316594, 0.778888
98, 88, 0, -0.0570708, 0.0601447, 0.106318, 2.27541, 2, -0.0838968, -0.00639808, 0.956645
108, 88, 0, -1.31015e-007, 0.0112724, 0.0199785, 2.0048, 2, -0.0126823, -0.0173394, 0.978698
118, 88, 0, 0.0594746, -0.0024085, -0.0361576, 1.0369, 1, 0.00280996, -0.0155333, 0.888654
128, 88, 0, -0.0270084, 0.0127882, 0.0203395, 0.00423066, 0, -0.00878015, -0.00504726, 0.874204
138, 88, 0, -0.00320074, 0.0115854, 0.0111462, -0.0393942, 0, 0.0152808, 0.0132107, 0.799725
148, 88, 0, 1.53779e-008, 0.00593579, 0.00460345, 0.00418044, 0, -0.00530483, -0.00397605, 0.905447
158, 88, 0, 0.0365957, -0.0313451, -0.0283754, -0.114394, 0, 0.0226197, 0.0172398, 0.916146
168, 88, 0, 0.13531, -0.110223, -0.0319411, 0.0644833, 0, -0.0897991, 0.00152636, 0.906921
178, 88, 0, -6.92232e-007, 3.8147e-006, 1.77067e-006, -7.83143e-006, 0, 9.57773e-007, 2.38419e-007, 0.875501
188, 88, 0, 0.0172873, -0.0134695, -0.0362118, 0.0322209, 0, 0.0340445, 0.0216802, 0.904526
198, 88, 0, -0.0399538, 0.0604075, 0.0507307, 0.917132, 1, 0.00395878, -0.00461233, 0.923863
208, 88, 0, 0.00198216, 0.00121462, 0.00496833, 1.88336, 2, 0.0328697, 0.0258893, 0.955904
218, 88, 0, 0.000570423, 0.0228846, 0.028668, 2.0532, 2, -0.0004409, 0.00497258, 0.965453
228, 88, 0, -3.71723e-007, -0.0110815, -0.0282385, 2.09577, 2, 0.0482764, 0.00885129, 0.975365
18, 98, 0, -0.0444616, 0.00244081, 0.0232502, 0.807171, 1, 0.0145124, 0.0640448, 0.957856
28, 98, 0, -6.96303e-007, 0.0011549, 0.0014062, 0.000687036, 0, -0.000610937, -0.000828803, 0.860738
38, 98, 0, -1.50695e-007, -0.0129656, -0.00273623, 0.14832, 0, -0.0282893, -0.0285732, 0.906342
48, 98, 0, 0.0502473, -0.0319506, -0.0667678, 0.0787986, 0, -0.0195097, -0.0460833, 0.917674
58, 98, 0, 0.0049811, -0.0018084, -0.00580403, 1.97862, 2, 0.00351214, 0.00612772, 0.976167
68, 98, 0, -2.98232e-007, 0.0135969, 0.0183109, 1.93407, 2, 0.025008, 0.0165699, 0.946927
78, 98, 0, 5.28948e-006, -0.0517752, -0.071916, 0.935863, 1, 0.0361198, 0.0245829, 0.883237
88, 98, 0, 0.0142433, -0.0200469, -0.0232637, 1.13023, 1, 0.0268199, 0.0181121, 0.911754
98, 98, 0, -3.55656e-008, 0.000686169, -0.000143011, 0.978536, 1, 0.0100703, 0.00363147, 0.94901
108, 98, 0, -3.42729e-005, 0.0181761, 0.0300987, 1.07052, 1, -0.000961712, -0.015088, 0.869399
118, 98, 0, -0.0450695, 0.0778943, 0.0634032, 2.10747, 2, -0.0602678, -0.0699193, 0.943307
128, 98, 0, 6.56695e-007, 0.00586116, 0.0157192, 1.98064, 2, 0.00907685, 0.0117947, 0.921769
138, 98, 0, 0.00841269, -0.0229815, -0.0370584, 2.01178, 2, 0.0352784, 0.0184791, 0.969787
148, 98, 0, 0.00185803, -0.0231616, -0.0507219, 2.11548, 2, -0.0163931, -0.0216444, 0.967736
158, 98, 0, -6.30736e-006, -0.00212795, 0.0172533, 0.914509, 1, 0.00919569, 0.021315, 0.92036
168, 98, 0, -0.00143667, 0.000895262, 0.00223508, 1.02199, 1, -0.0102435, -0.0056923, 0.88301
178, 98, 0, 7.36133e-006, -0.0329455, -0.0273142, 0.269709, 0, -0.0321511, -0.0412446, 0.780405
188, 98, 0, 6.4161e-007, -0.0119218, -0.0230163, 0.0962466, 0, 0.001691, -0.0196799, 0.909892
198, 98, 0, 0, 0, 0, 0, 0, 0, 0, 0.817003
208, 98, 0, -3.55969e-007, -0.00619793, -0.00556472, 0.00516387, 0, -0.000603246, -0.00130647, 0.835631
218, 98, 0, -0.012618, 0.00457692, 0.00242498, -0.0579138, 0, 0.00961117, 0.00463855, 0.929962
228, 98, 0, 0.00507712, 0.0302106, 0.00756922, -0.0123761, 0, -0.00423709, 0.00640738, 0.916445
18, 108, 0, -1.70446e-006, 0.0152433, 0.00518975, 0.0974024, 0, -0.0145108, -0.0262237, 0.841048
28, 108, 1, -5.08133e-007, 0.00416768, 0.00215912, -0.129212, 0, 0.0246402, 0.0393625, 0.915194
38, 108, 0, -5.32691e-007, 0.00233376, 0.00196729, 0.00664675, 0, -0.00068545, -0.000720263, 0.855825
48, 108, 0, -0.0188971, 0.0425076, 0.0476683, 1.87223, 2, 0.0119514, 0.0329894, 0.949104
58, 108, 0, 0.00510345, -0.0052442, -0.00529208, 1.11397, 1, -0.0247376, -0.0360879, 0.871525
68, 108, 0, 0.000852153, 0.00305152, 0.00442163, 0.0148573, 0, -0.0104741, -0.00742716, 0.84306
78, 108, 0, -0.0354808, -0.0167291, -0.0230864, 0.00664786, 0, -0.0132201, -0.0117913, 0.931072
88, 108, 0, -0.0825988, 0.107674, 0.0303479, 0.156558, 0, -0.000917641, -0.0461641, 0.945238
98, 108, 0, -0.00856621, -0.0138208, -0.0378115, 0.905385, 1, -0.00537078, -0.000666082, 0.915051
108, 108, 0, -0.0208966, 0.0602301, 0.0769945, 1.91712, 2, 0.00422282, -0.00384283, 0.958291
118, 108, 0, 0.000223834, -0.000540853, 0.0161302, 1.0167, 1, 0.016612, 0.037221, 0.92947
128, 108, 0, -0.124659, 0.0986518, 0.0436979, 0.908011, 1, 0.0289279, 0.0170608, 0.867877
138, 108, 0, -0.0251763, 0.0326719, 0.0280263, 0.0195326, 0, 0.031924, 0.0221859, 0.806363
148, 108, 0, 0.0301922, -0.0454339, -0.0430721, 1.03738, 1, -0.0436359, -0.0255844, 0.850543
158, 108, 0, -9.08959e-007, 0.0313675, 0.0284458, 0.993509, 1, 0.0113917, 0.0158327, 0.914014
168, 108, 0, 6.36252e-007, -0.0414859, -0.0213008, 1.03821, 1, 0.0223188, 0.0172018, 0.862919
178, 108, 0, 1.44961e-006, -0.0159593, -0.0583047, 1.59818, 2, 0.0952154, 0.0133352, 0.981681
188, 108, 0, -4.64456e-006, 0.00517392, 0.0237818, 1.99814, 2, 0.00850337, 0.0139418, 0.995991
198, 108, 0, 0.00232834, -0.00206965, 0.00727131, 0.911506, 1, 0.009897, 0.0164165, 0.83272
208, 108, 0, -0.0308274, 0.0423651, 0.0333183, -0.0630528, 0, -0.0057564, 0.00889719, 0.872943
218, 108, 0, 1.23077e-005, -0.0600547, -0.0551287, -0.129009, 0, 0.00407471, 0.0152488, 0.922735
228, 108, 0, -3.74188e-007, -0.000257373, 0.00220808, -0.00682725, 0, 0.000769944, 0.00163138, 0.930421
18, 118, 0, 4.01727e-007, -0.00217366, -0.00148745, 1.96959, 2, 0.00743661, 0.00696337, 0.970199
28, 118, 0, -7.44451e-006, 0.0297116, 0.0263216, 2.05505, 2, -0.0144464, -0.0275086, 0.913454
38, 118, 0, 0.0239802, 0.011622, 0.0102348, 0.956906, 1, 0.0113194, 0.00640893, 0.949329
48, 118, 0, 4.8568e-007, -0.0244784, -0.0317102, 1.08439, 1, -0.02749, -0.0237891, 0.909379
58, 118, 0, 0.00836372, -0.03037, -0.0166606, 0.974968, 1, -0.00644218, -0.00119346, 0.911716
68, 118, 0, 0.0211035, -0.0244974, -0.00752545, 1.00237, 1, -0.00746072, -0.00168896, 0.841044
78, 118, 0, 5.96453e-006, -0.0201259, -0.0254203, 0.0432743, 0, 0.0035759, 0.00142467, 0.778334
88, 118, 0, 2.95902e-007, -0.026905, 0.00121015, 0.169336, 0, -0.0519478, 0.00783277, 0.819102
98, 118, 0, 8.85427e-006, -0.0206034, -0.0437263, 2.13769, 2, -0.013654, -0.0345876, 0.956786
108, 118, 0, 0.0103867, -0.00138921, -0.0137229, 2.09849, 2, -0.054513, -0.0106973, 0.877254
118, 118, 0, -0.0894385, 0.0116047, 0.0309704, 2.08902, 2, -0.000904522, -0.0322506, 0.876825
128, 118, 0, -0.00248094, 0.00231969, 0.00547067, 2.05323, 2, -0.0118343, -0.00506914, 0.974518
138, 118, 0, -1.44808e-006, 0.00131464, 0.00375506, 2.00365, 2, 0.00180008, 0.00236869, 0.928739
148, 118, 0, -7.65362e-007, -0.0057013, 0.0160996, 1.24024, 1, -0.0812543, -0.0511889, 0.941458
158, 118, 0, 2.33907e-006, -0.0200027, -0.0246817, 1.0243, 1, -0.00391157, 0.00519657, 0.917233
168, 118, 0, 0.0117448, -0.0234756, -0.0292733, 1.17536, 1, -0.0373157, -0.0526681, 0.899295
178, 118, 0, 0.0221919, -0.0304624, -0.00920774, 0.0103817, 0, 0.00110513, 0.000117898, 0.894512
188, 118, 0, -0.0246244, 0.0179127, 0.0170592, 1.0218, 1, -0.00191867, -0.0124304, 0.898369
198, 118, 0, 0.0343308, -0.0418374, -0.0304622, 2.15259, 2, -0.0228537, 0.0093956, 0.935538
208, 118, 0, -8.01224e-006, 0.00312841, 0.00290774, 0.982077, 1, 0.00545973, 0.00537837, 0.813505
218, 118, 0, 8.74986e-007, -0.00965422, -0.0171324, 0.0185123, 0, 0.0205785, 0.0179183, 0.859456
228, 118, 0, -0.0206058, -0.0215726, -0.00514197, 0.859466, 1, 0.0834458, 0.0555197, 0.904679
18, 128, 0, -2.39303e-007, 2.14577e-006, 1.66243e-006, 0.999997, 1, 1.13841e-006, 1.54972e-006, 0.936877
28, 128, 0, -0.0306169, 0.101453, 0.0654698, -0.230009, 0, 0.104619, 0.0576291, 0.892511
38, 128, 0, 1.28923e-006, -0.00101388, -0.00894541, 0.172852, 0, -0.0327673, -0.0349005, 0.913505
48, 128, 1, 0.000300376, -0.000435293, -0.000363428, -0.00279176, 0, 0.0011929, 0.00147069, 0.899357
58, 128, 0, -2.2098e-006, 0.014356, 0.0171357, -0.0963325, 0, 0.00890833, 0.0236164, 0.898926
68, 128, 0, 0.00601977, -0.0229765, -0.0178654, 0.00220535, 0, -0.00280057, 0.00025332, 0.801535
78, 128, 0, -9.68783e-006, 0.00882077, 0.0116269, 1.92185, 2, 0.00698856, 0.0181223, 0.900315
88, 128, 0, 3.59044e-007, -0.00432265, -0.00244584, 0.992962, 1, 0.00485562, 0.00207031, 0.902673
98, 128, 0, 9.44029e-007, 0.00746846, 0.00714011, 1.01405, 1, 0.00335444, -0.00130963, 0.939024
108, 128, 0, 0.00353878, -0.00586593, -0.0036563, 1.99355, 2, 0.00311953, 0.0023427, 0.953325
118, 128, 0, 8.61316e-007, 0.0147234, 0.0156056, 1.89251, 2, 0.0325884, 0.0358621, 0.95197
128, 128, 0, 0.00732772, 0.0203528, 0.0174009, 0.979613, 1, 0.00321232, 0.00258172, 0.876667
138, 128, 0, -1.13615e-005, 0.0729715, 0.0223299, 1.1335, 1, 0.00705094, -0.0179569, 0.889677
148, 128, 0, 0.0327702, 0.00520396, 0.00860769, 0.985905, 1, -0.0359537, -0.0191287, 0.946971
158, 128, 0, 0.0119611, -0.00175041, 0.00170261, 2.04144, 2, 0.0313952, 0.0573127, 0.960899
168, 128, 0, -5.51363e-007, 0.00215471, 0.00213163, 0.980833, 1, 0.00453327, 0.00267053, 0.911524
178, 128, 0, -1.06907e-006, 0.0113047, 0.0111017, 0.997431, 1, -0.0060613, -0.0121953, 0.888491
188, 128, 0, -0.00406957, 0.0097065, 0.0124983, 1.0081, 1, 0.0171134, 0.0116615, 0.882093
198, 128, 0, 0.0181951, -0.00831527, -0.019783, 1.87634, 2, 0.0165141, 0.0127872, 0.881608
208, 128, 0, -0.0127807, 0.00675893, 0.00196268, 2.0477, 2, -0.0297062, -0.0328534, 0.976837
218, 128, 0, 0.0380244, 0.0447927, 0.0507687, 2.28743, 2, 0.0554302, 0.0754627, 0.981682
228, 128, 0, 8.05626e-008, -0.00563347, 0.000613203, -0.0192219, 0, 0.00620929, 0.00256205, 0.81529
18, 138, 0, 8.1573e-007, 0.0211389, 0.00813794, 1.04031, 1, -0.0235696, -0.02302, 0.825556
28, 138, 0, -0.0300858, 0.0222701, 0.0109806, 0.995414, 1, 0.00274974, -0.00450766, 0.81876
38, 138, 0, 0.00099391, -0.0404071, -0.0182103, 0.0795687, 0, -0.0208026, -0.0631098, 0.893605
48, 138, 1, -0.00885211, 0.022333, 0.0238693, 0.0402461, 0, 0.0188986, 0.0159312, 0.92538
58, 138, 0, -0.0259987, -0.0485902, -0.0746614, 1.98507, 2, 0.0230825, 0.0117266, 0.989795
68, 138, 0, -0.0265065, -0.0141879, 0.0380844, 1.99575, 2, 0.00688846, 0.0352058, 0.997636
78, 138, 0, 0.000860795, -0.00129163, -0.000546033, 0.00606105, 0, -0.00149012, -0.00139898, 0.737494
88, 138, 0, -0.00242272, 0.00187314, 0.000705699, 0.996851, 1, 0.0010887, 0.000394821, 0.77998
98, 138, 0, -0.00536507, -0.0288457, -0.0128852, 0.795094, 1, 0.0333196, 0.0476687, 0.864786
108, 138, 0, 2.00685e-007, -0.00341183, -0.00323306, 1.00317, 1, 0.000743291, 0.00111628, 0.900432
118, 138, 0, -0.0556382, 0.0111017, 0.0251462, 0.945183, 1, -0.000408902, 0.00841939, 0.900806
128, 138, 0, -0.1182, 0.0184755, 0.0395516, 0.846417, 1, 0.0384569, 0.0235667, 0.831636
138, 138, 0, 0.0314832, -0.0245152, -0.0290467, 0.969451, 1, -0.00485597, 0.00835431, 0.8054
148, 138, 0, 0.00284481, 0.0090704, 0.0284304, 1.02172, 1, 0.0502004, 0.023394, 0.825895
158, 138, 0, 0.000516898, -0.000846624, -0.0022046, 1.15718, 1, -0.0227428, -0.0302899, 0.880704
168, 138, 0, 0.00757834, 0.0220152, 0.0135205, 2.07722, 2, -0.0333264, -0.0188448, 0.985486
178, 138, 0, -0.0554993, 0.0330052, 0.0474329, 2.05987, 2, 0.0595958, 0.0568354, 0.966041
188, 138, 0, 1.38831e-008, 0.00833642, 0.00968071, 0.803803, 1, 0.0513543, 0.0312289, 0.862038
198, 138, 0, 0.00474332, 0.00161529, -0.00698733, 0.00240171, 0, -0.0148363, -0.0203675, 0.834604
208, 138, 0, -3.47675e-007, 0.0215645, 0.0117655, -0.0659772, 0, -0.0070753, -0.00531274, 0.926065
218, 138, 0, 0.0013775, -0.00671911, -0.00812935, 1.07055, 1, 0.00330147, -0.00500619, 0.966735
228, 138, 0, 8.28447e-008, -0.0142822, -0.0239733, 0.0403807, 0, -0.0197333, -0.00437611, 0.93947
18, 148, 0, 1.09014e-007, 0.0132914, 0.00642643, 1.00305, 1, -0.0114127, -0.0116196, 0.884926
28, 148, 0, -0.0686917, 0.000663161, -0.00795851, 0.0218356, 0, -0.0463665, -0.0801211, 0.919543
38, 148, 0, 0.00170837, -0.024378, -0.0116668, 1.00855, 1, -0.00992075, -0.000735343, 0.860064
48, 148, 0, 0.000201335, 0.00146568, 0.0133358, 1.12355, 1, -0.0469474, -0.0463204, 0.904996
58, 148, 0, -8.24008e-008, 0.011616, 0.00778518, 0.998541, 1, 0.0167408, 0.00653708, 0.738223
68, 148, 0, -0.0125485, 0.00222564, 0.0111274, -0.130287, 0, -0.0349125, -0.0275953, 0.837382
78, 148, 0, 0.014016, -0.00270319, 0.00740143, 2.34161, 2, -0.0897346, -0.0253794, 0.923306
88, 148, 0, 2.78075e-006, -0.030835, -0.016498, 1.01618, 1, 0.00432212, -0.00896263, 0.875864
98, 148, 0, 0.00709806, 0.00831401, 0.00577363, 1.0203, 1, -0.00908576, -0.00826347, 0.881307
108, 148, 0, 4.94145e-007, -0.00403702, -0.00241784, -0.00137931, 0, 0.000476059, -0.00160038, 0.772696
118, 148, 0, 3.70742e-006, -0.014275, -0.0122303, -0.0692131, 0, 0.0204748, 0.0548023, 0.923518
128, 148, 0, -0.000811096, 0.000914574, 0.0014655, 1.01842, 1, -0.0103013, -0.00562626, 0.928187
138, 148, 0, -0.0171613, 0.00902724, 0.0254921, 1.04465, 1, -0.00599371, -0.00439441, 0.803538
148, 148, 0, 0.0487577, -0.046585, -0.0539162, 2.09778, 2, -0.0238096, -0.0113947, 0.950712
158, 148, 0, 0.0226838, -0.0558259, -0.0695383, 0.975156, 1, -0.0428323, -0.0239221, 0.870086
168, 148, 0, -0.0135749, 0.0174767, 0.0153442, 0.968082, 1, 0.00781648, 0.00769842, 0.79808
178, 148, 0, -1.83352e-007, 0.0576861, 0.0472399, 1.1293, 1, -0.0513232, -0.0190315, 0.829107
188, 148, 0, 4.53308e-007, -0.0190555, -0.00676295, 1.07483, 1, -0.0323006, -0.0147009, 0.905593
198, 148, 0, -8.241e-007, 0.0120114, 0.0202815, 0.898015, 1, 0.00682655, 0.0224003, 0.94795
208, 148, 0, -0.000438423, -0.00208271, -0.00173257, 0.015271, 0, -0.00141568, -0.00314432, 0.91573
218, 148, 0, -3.10513e-007, 0.0276247, 0.0134027, 0.0770165, 0, -0.00162806, 0.0194356, 0.898296
228, 148, 0, 4.66567e-007, -0.0151713, -0.0315834, -0.0311215, 0, 0.0236183, 0.0105861, 0.919623
18, 158, 0, -2.95319e-006, 0.0142945, -0.0108125, -0.0196661, 0, 0.00482411, 0.0103552, 0.940952
28, 158, 0, 0.0309525, -0.0188732, -0.0217726, 0.0799121, 0, -0.0282864, -0.0286509, 0.878908
38, 158, 0, -2.04197e-007, 0.00500202, 0.00858841, 1.02668, 1, -0.0107222, -0.0097127, 0.896836
48, 158, 0, 0.00333847, -0.00420821, -0.00820748, -0.0571794, 0, 0.0138775, 0.0140283, 0.868207
58, 158, 0, -3.19238e-007, 0.00541842, 0.00148392, -0.00128242, 0, -0.0133153, -0.00516093, 0.938132
68, 158, 0, 3.70685e-007, -0.0139887, 0.00492459, -0.507936, 0, 0.0429257, 0.0607326, 0.84464
78, 158, 0, -0.00369507, 0.00677919, 0.00290802, 0.996803, 1, -0.00130499, 0.000597954, 0.912893
88, 158, 0, -0.0370138, 0.0589396, 0.0624603, 1.38074, 1, -0.0774042, -0.0758424, 0.836138
98, 158, 1, -0.0406298, 0.00450563, 0.0280064, 0.0368184, 0, 0.00951667, -0.00505978, 0.950225
108, 158, 0, 0.0335628, -0.0163127, -0.0193441, -0.00828316, 0, -0.00291131, -0.00372934, 0.899478
118, 158, 0, -0.015611, 0.0107567, 0.0307139, 0.849948, 1, 0.0086012, 0.0379702, 0.967785
128, 158, 0, 0.00252559, 0.000766754, 0.000743188, 1.97844, 2, 0.00539972, 0.00315309, 0.954945
138, 158, 0, 1.35673e-006, -0.0223357, -0.0190272, 2.11232, 2, -0.0433522, -0.0370377, 0.923415
148, 158, 0, 1.28084e-006, -4.76837e-007, 1.2931e-007, 2, 2, -2.96336e-006, -3.33786e-006, 0.93864
158, 158, 0, 4.25428e-007, -0.0350944, -0.0301899, 0.782722, 1, 0.0522985, 0.0354214, 0.918154
168, 158, 0, 0.00906042, -0.0108606, -0.0182008, 1.16606, 1, -0.0318206, -0.0393695, 0.911798
178, 158, 0, 0.0413088, -0.0219368, -0.0348849, 2.08285, 2, -0.0296242, -0.0232203, 0.943225
188, 158, 0, 0.0201207, -0.00493217, -0.013573, -0.0401499, 0, 0.0195834, 0.0125716, 0.879656
198, 158, -1, -4.30813e-007, -0.00511885, -0.00250518, 0.0510805, 0, -0.0178519, -0.00975472, 0.857727
208, 158, 0, 0.0562689, 0.00471199, -0.0192802, 0.939215, 1, 0.00757374, 0.0211567, 0.812646
218, 158, 0, 0.0317558, -0.0162615, -0.00243153, 0.00119336, 0, -0.00736187, 0.00368261, 0.956928
228, 158, 0, -1.56838e-007, 0.00969398, 0.00678463, -0.0399193, 0, 0.0136189, 0.00649095, 0.953863
18, 168, 0, -6.55261e-008, 0.000558972, -0.00015423, 1.01824, 1, -0.00808261, -0.0131556, 0.902857
28, 168, 0, 0.000786711, -0.00474954, 2.17861e-005, 2.0143, 2, -0.0094077, -0.000772953, 0.972515
38, 168, 0, 0.00987129, 0.0271401, 0.0532249, 1.57422, 2, 0.0707337, 0.0939023, 0.94262
48, 168, 0, -0.0711249, 0.05291, 0.0246805, 1.0494, 1, 0.00233205, -0.0278065, 0.859015
58, 168, 0, 1.00343e-007, -0.00565326, -0.00493194, -0.0145298, 0, 0.00192667, 0.00419772, 0.92125
68, 168, 0, 0.0301075, -0.0182036, -0.0264817, 0.999936, 1, -0.00603483, 0.000121593, 0.824412
78, 168, 0, 0.0087805, 0.00798178, 0.00560512, 2.00516, 2, 0.0179438, 0.0272315, 0.959397
88, 168, 0, -0.0507866, 0.0463721, 0.0520943, 1.92961, 2, 0.0210718, 0.0127838, 0.946284
98, 168, 0, 0.0170022, -0.0675129, -0.0749749, 1.01238, 1, 0.0401583, 0.0449213, 0.916631
108, 168, 0, -0.013545, 0.0186014, 0.0298725, 0.97021, 1, 0.0134379, 0.064724, 0.881684
118, 168, 0, 7.98692e-007, -2.38419e-007, -4.55984e-007, 1, 1, -5.6187e-007, -5.96046e-007, 0.921079
128, 168, 0, 0.00704496, -0.000192761, -0.00348379, 0.0171102, 0, 0.00410343, 0.00817466, 0.877694
138, 168, 0, 1.72093e-006, -0.0130844, -0.0145197, 1.0391, 1, -0.00787877, -0.00210923, 0.872891
148, 168, 0, 0.00923757, -0.000387669, -0.000622379, -0.267021, 0, 0.0717834, 0.0896206, 0.926386
158, 168, 0, 0.000964675, -0.00399601, -0.00777362, -0.280316, 0, 0.0366135, 0.0353308, 0.947932
168, 168, 0, -0.032939, 0.0364118, 0.0287606, 0.805809, 1, 0.0365543, 0.0295986, 0.929027
178, 168, 0, -0.00508466, -0.0215877, -0.0176337, 2.09913, 2, -0.0323598, -0.0185475, 0.967255
188, 168, 0, -0.0170082, -0.0347677, -0.0426842, 1.81476, 2, 0.0254901, 0.0361553, 0.940045
198, 168, 0, -3.04485e-006, 0.0123595, 0.00427856, 1.99746, 2, -0.00220376, 0.000355363, 0.913844
208, 168, 0, -0.0268134, -0.011539, 0.0209618, -0.122776, 0, 0.0239671, 0.0595641, 0.876765
218, 168, 0, -3.18265e-008, 0.00123096, 0.00291318, -0.0345577, 0, 0.00384561, 0.00819564, 0.891116
228, 168, 0, -1.30802e-006, 0.0144262, 0.00500232, 0.9915, 1, 0.0106898, 0.00510514, 0.840334
18, 178, 0, -3.15587e-006, 0.0114056, 0.011858, 2.0368, 2, 0.00979995, 0.0206417, 0.942865
28, 178, 0, 0.00348599, -0.0103776, -0.00657979, -0.011948, 0, 0.0053767, 0.00158668, 0.900712
38, 178, 0, 0.0407421, -0.0335162, -0.0439348, 1.06576, 1, -0.0250307, -0.0202733, 0.904493
48, 178, 0, -2.5522e-006, 0.0408922, 0.0542785, 0.819614, 1, 0.0464824, 0.022248, 0.89863
58, 178, 0, 0.0574485, 0.0579256, 0.0422301, 0.0126522, 0, 0.0400571, 0.0520723, 0.905317
68, 178, 0, 0.0509815, -0.0383483, -0.0305835, 1.09633, 1, 0.0106425, 0.0226533, 0.819478
78, 178, 0, -0.0271931, 0.0313004, -0.000222126, 1.1625, 1, -0.0753205, 0.00433135, 0.938113
88, 178, 0, -2.04885e-008, 0.00282204, 0.00326079, 0.0242842, 0, -0.0631203, -0.0660164, 0.906105
98, 178, 0, -0.0358655, 0.0466114, 0.0609633, 0.160058, 0, 0.01498, 0.00481832, 0.92867
108, 178, 0, 0.0104053, 0.00949907, 0.0147332, 1.13973, 1, -0.0265303, -0.0149654, 0.916002
118, 178, 0, 0.016716, 0.0214056, 0.0144669, 0.999093, 1, 0.0141002, 0.00294721, 0.949049
128, 178, 0, -0.0159243, -0.0148741, -0.0443438, -0.518037, 0, 0.0674471, 0.0908161, 0.887564
138, 178, 0, -0.0050487, 0.00404346, 0.0041902, 0.0372513, 0, -0.0182449, -0.0167153, 0.947006
148, 178, 0, -0.00909121, -0.0237057, -0.0193166, 1.0308, 1, -0.0196265, -0.0254045, 0.931519
158, 178, 0, 0.0262991, -0.00178468, 0.0149947, 0.929168, 1, 0.0268345, 0.0532603, 0.933688
168, 178, 0, -0.0031016, 0.0190486, 0.00727262, 0.961437, 1, -0.0122892, -0.0157077, 0.92573
178, 178, 0, 0.088847, -0.0133378, -0.0144605, 1.89354, 2, 0.0175799, 0.00339854, 0.871188
188, 178, 0, -3.35166e-005, 0.0102793, 0.0534204, 1.98774, 2, 0.000584836, 0.00413322, 0.908648
198, 178, 0, -7.94894e-008, 0.025049, 0.0233606, 1.02403, 1, 0.00924224, 0.00923717, 0.869728
208, 178, 0, -0.00648818, -0.0163303, -0.0145902, 0.0193391, 0, -0.0180798, -0.0187443, 0.926267
218, 178, 0, 0.0407258, -0.00819618, -0.01317, 1.01296, 1, -0.000758023, -0.00290686, 0.783212
228, 178, 0, 0.0106112, -0.0289541, -0.028451, 1.0134, 1, 0.0310232, 0.0302193, 0.751816
18, 188, 0, -0.0156353, -0.0698326, -0.0496808, 2.36081, 2, -0.0658556, -0.105127, 0.885661
28, 188, 0, 0.0128231, -0.020297, -0.0107117, 1.04516, 1, -0.00429891, -0.00581503, 0.880763
38, 188, 0, -0.0758848, 0.0449961, 0.0295985, -0.0542394, 0, 0.00427082, 0.0160124, 0.833568
48, 188, 0, 0.0236144, -0.0279757, -0.0187888, 0.997594, 1, 0.0127261, 0.00601971, 0.853907
58, 188, 0, -0.029333, 0.033747, 0.0287774, 1.08822, 1, -0.0238021, -0.0443667, 0.887781
68, 188, 0, -0.0188799, 0.0160241, 0.0336669, 1.06186, 1, 0.0120263, -0.00457579, 0.836781
78, 188, 0, 0.0261264, 0.00283265, 0.0647631, 1.34195, 1, -0.109988, -0.0508614, 0.942578
88, 188, 0, 0.0281334, 0.0402639, 0.0311015, 1.16713, 1, 0.0430033, 0.029116, 0.929783
98, 188, 0, 0.0509306, -0.022279, -0.0186317, 1.1497, 1, -0.0239474, -0.0333075, 0.899064
108, 188, 0, 0.0404768, -0.00206655, -0.0208033, 0.893993, 1, 0.053348, 0.0414149, 0.889821
118, 188, -1, -0.0493387, 0.0266581, 0.0249101, -0.0108804, 0, -0.00105256, -0.0106703, 0.781682
128, 188, 0, 0.0686163, -0.0398853, -0.0374835, 1.00784, 1, -0.0122428, -0.0131669, 0.832655
138, 188, 0, 1.70097e-007, -0.00193352, -0.00168348, 0.995031, 1, 0.00397117, 0.00438344, 0.924599
148, 188, 0, -8.95034e-008, -0.0315884, 0.0122912, -0.218131, 0, 0.0455046, 0.073025, 0.912689
158, 188, 0, 1.07014e-006, 0.00832391, 0.00215405, 1.02944, 1, -0.0250494, -0.0540726, 0.828402
168, 188, 0, 0.0276192, -0.0243656, -0.028693, 1.06897, 1, -0.0122663, -0.0229074, 0.879858
178, 188, 0, 0.0022949, -0.00810391, 0.00146124, 2.03054, 2, -0.00900778, -0.00232196, 0.985887
188, 188, 0, -2.55e-007, -0.000720203, 0.00364097, 2.00232, 2, 0.00376779, 0.00739086, 0.953675
198, 188, 0, -0.0279538, 0.00141621, 0.0271191, 1.96516, 2, 0.00737352, 0.0304774, 0.955553
208, 188, 0, -1.57449e-006, 0.0044986, 0.00685702, 0.999826, 1, 0.000537296, -0.0004282, 0.873434
218, 188, 0, 2.95593e-007, -0.0263785, -0.00684051, 1.07878, 1, -0.015419, -0.0160229, 0.857062
228, 188, 0, -0.0123838, 0.00463784, 0.0147139, 2.02519, 2, -0.00838501, -0.0121493, 0.907812
18, 198, 0, -1.29215e-006, -0.0120725, -0.00561078, 0.996755, 1, 0.00452042, 0.00871611, 0.903989
28, 198, 0, -1.773e-007, 0.00930083, 0.00269995, 0.927002, 1, 0.0114018, 0.0183384, 0.917361
38, 198, 0, -0.0240245, 0.0255786, 0.030182, 1.0205, 1, -0.00313909, -0.00432354, 0.889315
48, 198, 0, -0.0115204, 0.014419, 0.0134203, 1.95233, 2, 0.0385246, 0.0101413, 0.909968
58, 198, 0, 0.00724499, -0.0100028, 0.000959653, 1.86711, 2, 0.0283191, 0.0302398, 0.973479
68, 198, 0, 0.0324288, -0.00340348, -0.0211089, 0.994597, 1, 0.0107195, -0.00357378, 0.914689
78, 198, 0, -4.64509e-009, 0.000381947, 0.000374271, -0.000765853, 0, 0.000227984, 8.74996e-005, 0.869793
88, 198, 0, -2.7307e-006, 0.00808954, 0.00746044, 0.0389655, 0, -0.00833509, -0.00645208, 0.807319
98, 198, 0, -3.20935e-007, 0.000887036, 0.00243052, -0.0425796, 0, 0.00355478, 0.00838983, 0.849901
108, 198, 0, -2.59078e-007, 0.0567772, 0.0415221, 1.99959, 2, -0.00751987, -0.00225949, 0.927559
118, 198, 0, -0.0127621, 0.00693202, 0.00151962, 1.93302, 2, 0.0111331, 0.0130169, 0.971314
128, 198, 0, -2.23839e-008, 0.00379181, 0.0074383, 2.02773, 2, -0.00757264, -0.00704592, 0.961152
138, 198, 0, 0.00028865, -0.0079785, -0.00985977, 1.9792, 2, -0.0125714, -0.00529855, 0.915682
148, 198, 0, -0.00245515, -0.0308002, -0.0172343, 2.06911, 2, -0.00949773, -0.000436425, 0.901743
158, 198, 0, 0.00859941, 0.000265121, -0.0197749, 1.9692, 2, -0.00589436, 0.00225496, 0.89954
168, 198, 0, 0.00408029, -0.0212262, -0.013488, 2.07838, 2, -0.0226424, -0.0171136, 0.962236
178, 198, 0, 0.00148567, -0.00161254, 0.0011488, -0.00585751, 0, 0.0019181, 0.00120366, 0.874491
188, 198, 0, -1.33373e-006, 0.0326743, 0.0446693, 0.0558104, 0, -0.000308122, -0.00661886, 0.771128
198, 198, 0, 0.01552, -0.0321165, -0.0456893, 2.00896, 2, -0.0106702, -0.00307775, 0.959155
208, 198, 0, 6.0248e-007, 0.0168893, 0.0172426, 1.99217, 2, 0.00302559, 0.00382233, 0.977048
218, 198, 0, -0.0273718, -0.0100315, 0.0197649, 2.05493, 2, 0.0478586, 0.0514684, 0.972446
228, 198, 0, -0.0157454, 0.0129265, 0.0175437, 1.97678, 2, -0.0012014, -0.00165433, 0.936217
18, 208, 0, -2.0681e-006, 0.0139192, 0.0147579, -0.0732443, 0, 0.00778907, 0.0271934, 0.873181
28, 208, 0, 0.00337261, -0.00439614, -0.0019047, 1.01917, 1, -0.00610699, -0.0061751, 0.903633
38, 208, 0, -0.0262633, 0.0270693, 0.0312182, 1.92913, 2, 0.0318552, 0.0207568, 0.883962
48, 208, 0, 0.0132996, 0.0202223, 0.0249168, -0.0246991, 0, 0.0672241, 0.0902332, 0.854215
58, 208, 0, 0.00469196, 0.0244107, 0.0155101, 0.0203573, 0, 0.00798221, 0.00788796, 0.940451
68, 208, 0, 8.23105e-007, -0.0118116, -0.00920665, 1.00514, 1, 0.000438712, 0.000473261, 0.872632
78, 208, 0, -0.00420887, -0.0200275, -0.0530126, 1.99713, 2, -0.0068814, -0.00315994, 0.988363
88, 208, 0, -1.19919e-007, 0.00052619, -6.62095e-005, 1.99718, 2, 0.000844785, 0.000167966, 0.964974
98, 208, 0, -6.73354e-006, 0.0125458, 0.0108105, 1.9963, 2, 0.000400046, 0.00243974, 0.92838
108, 208, 0, -0.0174229, 0.012445, 0.0222647, 1.93734, 2, 0.0178079, 0.0183742, 0.928021
118, 208, 0, 3.60514e-007, 0.00992393, 0.00430374, 1.03946, 1, -0.017211, -0.010003, 0.898614
128, 208, 0, -0.0336045, 0.0590338, 0.027818, 1.01619, 1, -0.000385845, -0.00261891, 0.890696
138, 208, 0, 0.0101657, -0.00372452, -0.0299586, 2.00159, 2, 0.00838904, -0.00689781, 0.974474
148, 208, 0, -0.00722223, 0.00154316, -0.00452493, 1.9533, 2, 0.0139321, 0.00884771, 0.957592
158, 208, 0, 0.0584742, -0.0413439, -0.0649264, 1.97295, 2, 0.00730148, -0.0160472, 0.940809
168, 208, 0, -0.0208747, 0.00193346, 0.017499, 0.945161, 1, 0.0176907, 0.020155, 0.864109
178, 208, 0, 4.98757e-008, 0, -2.47417e-007, -3.71371e-007, 0, -9.70202e-007, -1.43051e-006, 0.902997
188, 208, 0, 2.61662e-006, 0.00648236, 0.0145612, 0.00716578, 0, 0.000979644, 0.00380838, 0.928893
198, 208, 0, 0.0334657, -0.0497645, -0.0126405, 0.947405, 1, -0.0154248, -0.0245836, 0.905073
208, 208, 0, -0.0208381, 0.0515615, -0.0253583, 1.67666, 2, 0.120687, 0.0387037, 0.984075
218, 208, 0, -6.59303e-008, -2.38419e-007, -2.16247e-007, 1, 1, -6.59203e-007, -4.76837e-007, 0.897922
228, 208, 0, -0.0187708, -0.000779748, 0.0215651, 0.0610287, 0, -0.00841947, -0.0194315, 0.909026
18, 218, 0, -1.03527e-007, 0.000347495, 0.000562238, 1.0073, 1, -0.00260534, -0.000761628, 0.938429
28, 218, 0, 0.0103058, 0.0257888, 0.0217597, 0.973716, 1, 0.0546075, 0.0454615, 0.839768
38, 218, 0, -0.00491287, 0.0129783, 0.0323155, 2.03879, 2, 0.0426035, 0.0675575, 0.934365
48, 218, 0, -1.6625e-007, -0.00193393, -0.001213, 2.01546, 2, 0.00221694, 0.0041641, 0.973123
58, 218, 0, 2.70507e-006, -0.0118071, -0.00106487, 0.00915595, 0, -0.0250325, -0.00672722, 0.930526
68, 218, 0, 9.06057e-008, -0.0286006, -0.0198087, 1.06336, 1, -0.0415973, -0.0232833, 0.906947
78, 218, 0, 0.00949103, 0.0497048, 0.0197462, 0.992498, 1, 0.00504763, -0.0192749, 0.924413
88, 218, 0, 0.00932964, -0.00455236, -0.0134096, 2.02367, 2, -0.00643588, -0.00361621, 0.972181
98, 218, 0, -1.33867e-006, 0.0210503, 0.019419, 1.07638, 1, -0.0422323, -0.0264903, 0.888091
108, 218, 0, -7.1317e-007, 0.00894594, 0.0349625, 1.00154, 1, 0.00122954, -0.0147172, 0.841574
118, 218, 0, 0.0124346, -0.0280787, -0.0697286, 2.01795, 2, -0.0146663, -0.0111114, 0.978293
128, 218, 0, -0.00156151, 0.00222898, 0.00352417, 0.998683, 1, 0.000493571, 0.000471354, 0.731273
138, 218, -1, 0.0851003, 0.121125, 0.162668, 0.248134, 0, 0.0384427, 0.0234208, 0.866989
148, 218, 0, 0.0358673, -0.0220346, 0.00250615, 0.037575, 0, -0.0541349, -0.0455792, 0.922167
158, 218, 0, -0.0647952, 0.0487083, 0.047747, 0.207411, 0, -0.0348329, -0.0139048, 0.84067
168, 218, 0, 0.0452456, -0.0135751, -0.00921621, 2.10484, 2, -0.0590788, -0.0324769, 0.907837
178, 218, 0, -0.00832328, 0.000437021, 0.000816285, 0.938639, 1, 0.0150015, 0.0348822, 0.895836
188, 218, 0, -0.0173442, -0.00152129, 0.00939826, 0.997233, 1, 0.000731498, -0.00101018, 0.904009
198, 218, 0, 0.0109632, 0.00297046, -0.00553125, 2.093, 2, -0.00694394, -0.0127421, 0.923923
208, 218, 0, -1.45665e-006, 0.0156388, 0.00686856, 2.05339, 2, -0.0269426, -0.0247211, 0.900218
218, 218, 0, -0.0236829, -0.0104089, 0.018373, 1.82507, 2, 0.0335823, 0.0731728, 0.912904
228, 218, 0, 0.000782026, 0.000720501, 0.00414917, 0.0195924, 0, -0.0234715, -0.022935, 0.795152
18, 228, 0, 0.0126376, -0.0162082, -0.00168512, -0.135582, 0, 0.030354, 0.000339985, 0.940898
28, 228, 0, -8.2113e-008, 0.00387359, 0.00404772, 0.975275, 1, 0.0143575, 0.011289, 0.922994
38, 228, 0, -0.00351988, -0.0160509, -0.0327237, 0.142718, 0, -0.0462723, -0.0194538, 0.917612
48, 228, 0, 0.0151122, 0.000229836, 0.0277806, 0.249221, 0, -0.0376206, -0.0380411, 0.882756
58, 228, 0, 0.0294137, -0.0140173, -0.0199075, 0.0175701, 0, 0.00644726, 0.00279987, 0.909916
68, 228, 0, 0, 0, 0, 1, 1, 0, 0, 0.961233
78, 228, 0, -0.0315444, 0.00392556, 0.00458405, -0.242819, 0, 0.054109, 0.0585042, 0.900526
88, 228, 0, 1.16762e-008, -0.00337571, -0.00256821, 0.996806, 1, 0.00216767, 0.00305653, 0.881002
98, 228, 0, 0.0184112, 0.0504323, 0.0402731, 1.00772, 1, -0.00445843, 0.00418079, 0.94206
108, 228, 0, -0.00285952, -0.0536849, -0.0191852, 0.912803, 1, 0.0266527, 0.0297469, 0.917392
118, 228, 0, -0.0468892, 0.0386727, 0.0117764, 1.05095, 1, -0.000787615, 0.00462341, 0.889153
128, 228, 0, 0.0479453, -0.0636576, -0.0709535, 1.02573, 1, -0.0358448, -0.00699425, 0.75871
138, 228, 0, 0.00405919, 0.00217378, -0.00207329, 1.07161, 1, -0.00531805, -0.0137158, 0.851112
148, 228, 0, -6.78486e-008, 0.00302041, 0.00405085, 1.00358, 1, -0.0031385, -0.0017001, 0.80872
158, 228, 0, 0.0366902, -0.0370563, -0.0489718, 2.36027, 2, -0.0736196, -0.0523586, 0.981108
168, 228, 0, 0.0080824, -0.0104939, -0.0172758, 0.940516, 1, 0.0192908, 0.0290148, 0.869457
178, 228, 0, -0.0155114, -0.00247109, 0.000323107, 0.434369, 0, -0.0524239, -0.0791125, 0.935802
188, 228, 0, 0.0487769, -0.00553083, -0.0150948, -0.0191452, 0, 0.021323, 0.0400521, 0.917199
198, 228, 0, -0.000206208, 0.00235212, -0.00343407, 1.95957, 2, 0.0102457, 0.00445986, 0.97672
208, 228, 0, -7.35828e-007, 0.00276339, 0.00794352, 1.99969, 2, 0.00410105, 0.0094347, 0.983447
218, 228, 0, 0.0338022, 0.0275669, 0.0164492, 1.10131, 1, 0.0257344, 0.0278567, 0.964657
228, 228, 0, 2.95775e-007, -0.0121134, -0.000943024, 0.0711815, 0, -0.0147709, 0.00709665, 0.861203
